,Tempo,N_ensaio,Unidade,runinEst,runinOg
0,1.11667298211111,0,a2,0,0
1,1.13333955211111,0,a2,0,0
2,1.15000651738889,0,a2,0,0
3,1.1666731735,0,a2,0,0
4,1.18334000127778,0,a2,0,0
5,1.20000652933333,0,a2,0,0
6,1.21667328766667,0,a2,0,0
7,1.23333987377778,0,a2,0,0
8,1.25000652794444,0,a2,0,0
9,1.26667365266667,0,a2,0,0
10,1.28334010433333,0,a2,0,0
11,1.30000705433333,0,a2,0,0
12,1.31667403044444,0,a2,0,0
13,1.33334071488889,0,a2,0,0
14,1.35000776405556,0,a2,0,0
15,1.366674421,0,a2,0,0
16,1.38334094405556,0,a2,0,0
17,1.40000762627778,0,a2,0,0
18,1.41667427488889,0,a2,0,0
19,1.43334132961111,0,a2,0,0
20,1.45000819211111,0,a2,0,0
21,1.46667523655556,0,a2,0,0
22,1.48334180072222,0,a2,0,0
23,1.50000888933333,0,a2,0,0
24,1.51667583183333,0,a2,0,0
25,1.5333423785,0,a2,0,0
26,1.55000917044444,0,a2,0,0
27,1.56667571738889,0,a2,0,0
28,1.5833423585,0,a2,0,0
29,1.60000899127778,0,a2,0,0
30,1.61667562405556,0,a2,0,0
31,1.63334232544444,0,a2,0,0
32,1.65000946794444,0,a2,0,0
33,1.66667596933333,0,a2,0,0
34,1.68334279516667,0,a2,0,0
35,1.70000973877778,0,a2,0,0
36,1.71667650933333,0,a2,0,0
37,1.73334345822222,0,a2,0,0
38,1.75001011544444,0,a2,0,0
39,1.76667673738889,0,a2,0,0
40,1.78334342988889,0,a2,0,0
41,1.80001052961111,0,a2,0,0
42,1.81667706377778,0,a2,0,0
43,1.83334375238889,0,a2,0,0
44,1.85001050877778,0,a2,0,0
45,1.86667708238889,0,a2,0,0
46,1.88334372655556,0,a2,0,0
47,1.90001055072222,0,a2,0,0
48,1.91667705683333,0,a2,0,0
49,1.93334372461111,0,a2,0,0
50,1.95001050266667,0,a2,0,0
51,1.96667716405556,0,a2,0,0
52,1.98334415933333,0,a2,0,0
53,2.00001070822222,0,a2,0,0
54,2.01667736572222,0,a2,0,0
55,2.03334404127778,0,a2,0,0
56,2.0500110885,0,a2,0,0
57,2.06667763544444,0,a2,0,0
58,2.08334432794444,0,a2,0,0
59,2.10001137961111,0,a2,0,0
60,2.11667837988889,0,a2,0,0
61,2.13334478266667,0,a2,0,0
62,2.15001149683333,0,a2,0,0
63,2.16667819655556,0,a2,0,0
64,2.18334500794444,0,a2,0,0
65,2.20001163877778,0,a2,0,0
66,2.21667843238889,0,a2,0,0
67,2.23334512183333,0,a2,0,0
68,2.25001204905556,0,a2,0,0
69,2.26667868683333,0,a2,0,0
70,2.28334563794444,0,a2,0,0
71,2.30001247072222,0,a2,0,0
72,2.31667900655556,0,a2,0,0
73,2.333345671,0,a2,0,0
74,2.35001238016667,0,a2,0,0
75,2.36667915461111,0,a2,0,0
76,2.38334607711111,0,a2,0,0
77,2.40001289988889,0,a2,0,0
78,2.41667957377778,0,a2,0,0
79,2.43334625266667,0,a2,0,0
80,2.45001324766667,0,a2,0,0
81,2.46668020711111,0,a2,0,0
82,2.48334679266667,0,a2,0,0
83,2.50001347822222,0,a2,0,0
84,2.51668024433333,0,a2,0,0
85,2.53334709044444,0,a2,0,0
86,2.55001371238889,0,a2,0,0
87,2.56668049683333,0,a2,0,0
88,2.58334705683333,0,a2,0,0
89,2.600013791,0,a2,0,0
90,2.61668045516667,0,a2,0,0
91,2.63334741794444,0,a2,0,0
92,2.65001411683333,0,a2,0,0
93,2.66668109433333,0,a2,0,0
94,2.68334761627778,0,a2,0,0
95,2.70001456905556,0,a2,0,0
96,2.716681211,0,a2,0,0
97,2.73334817711111,0,a2,0,0
98,2.75001486211111,0,a2,0,0
99,2.76668180655556,0,a2,0,0
100,2.78334887877778,0,a2,0,0
101,2.800015676,0,a2,0,0
102,2.81668226488889,0,a2,0,0
103,2.83334938711111,0,a2,0,0
104,2.85001597322222,0,a2,0,0
105,2.86668278988889,0,a2,0,0
106,2.88334929822222,0,a2,0,0
107,2.90001623155556,0,a2,0,0
108,2.91668326766667,0,a2,0,0
109,2.93335015933333,0,a2,0,0
110,2.95001682044444,0,a2,0,0
111,2.96668394822222,0,a2,0,0
112,2.98335049544444,0,a2,0,0
113,3.00001733711111,0,a2,0,0
114,3.016684001,0,a2,0,0
115,3.03335068433333,0,a2,0,0
116,3.050017501,0,a2,0,0
117,3.066684376,0,a2,0,0
118,3.08335094266667,0,a2,0,0
119,3.10001773433333,0,a2,0,0
120,3.116684251,0,a2,0,0
121,3.13335141488889,0,a2,0,0
122,3.15001797322222,0,a2,0,0
123,3.166684676,0,a2,0,0
124,3.18335120377778,0,a2,0,0
125,3.20001822322222,0,a2,0,0
126,3.21668483155556,0,a2,0,0
127,3.23335154266667,0,a2,0,0
128,3.25001845377778,0,a2,0,0
129,3.26668512044444,0,a2,0,0
130,3.28335180655556,0,a2,0,0
131,3.30001888711111,0,a2,0,0
132,3.31668555655556,0,a2,0,0
133,3.33335204544444,0,a2,0,0
134,3.35001870933333,0,a2,0,0
135,3.36668539822222,0,a2,0,0
136,3.38335222044444,0,a2,0,0
137,3.40001899822222,0,a2,0,0
138,3.41668591211111,0,a2,0,0
139,3.43335263711111,0,a2,0,0
140,3.45001928988889,0,a2,0,0
141,3.466686376,0,a2,0,0
142,3.48335323433333,0,a2,0,0
143,3.50001995933333,0,a2,0,0
144,3.51668649266667,0,a2,0,0
145,3.533353201,0,a2,0,0
146,3.55002023988889,0,a2,0,0
147,3.56668694266667,0,a2,0,0
148,3.58335358988889,0,a2,0,0
149,3.60002023433333,0,a2,0,0
150,3.61668677322222,0,a2,0,0
151,3.63335362322222,0,a2,0,0
152,3.65002043433333,0,a2,0,0
153,3.66668704266667,0,a2,0,0
154,3.68335383433333,0,a2,0,0
155,3.70002041211111,0,a2,0,0
156,3.71668748155556,0,a2,0,0
157,3.73335442322222,0,a2,0,0
158,3.75002115377778,0,a2,0,0
159,3.76668779822222,0,a2,0,0
160,3.78335468711111,0,a2,0,0
161,3.80002166211111,0,a2,0,0
162,3.81668830933333,0,a2,0,0
163,3.83335478711111,0,a2,0,0
164,3.85002192322222,0,a2,0,0
165,3.86668859266667,0,a2,0,0
166,3.88335527322222,0,a2,0,0
167,3.90002207322222,0,a2,0,0
168,3.91668916488889,0,a2,0,0
169,3.93335597044444,0,a2,0,0
170,3.95002290377778,0,a2,0,0
171,3.966689701,0,a2,0,0
172,3.98335672322222,0,a2,0,0
173,4.00002314266667,0,a2,0,0
174,4.01668997322222,0,a2,0,0
175,4.03335652322222,0,a2,0,0
176,4.05002329822222,0,a2,0,0
177,4.06669013155556,0,a2,0,0
178,4.08335714822222,0,a2,0,0
179,4.10002400377778,0,a2,0,0
180,4.116691076,0,a2,0,0
181,4.13335765655556,0,a2,0,0
182,4.15002473711111,0,a2,0,0
183,4.16669158155556,0,a2,0,0
184,4.183358301,0,a2,0,0
185,4.20002513988889,0,a2,0,0
186,4.21669210377778,0,a2,0,0
187,4.23335913433333,0,a2,0,0
188,4.25002597877778,0,a2,0,0
189,4.26669262044445,0,a2,0,0
190,4.28335928433333,0,a2,0,0
191,4.30002609544445,0,a2,0,0
192,4.31669309544445,0,a2,0,0
193,4.33335950655556,0,a2,0,0
194,4.35002618433333,0,a2,0,0
195,4.36669288433333,0,a2,0,0
196,4.38335998988889,0,a2,0,0
197,4.400026701,0,a2,0,0
198,4.41669333433333,0,a2,0,0
199,4.43335985655556,0,a2,0,0
200,4.450026676,0,a2,0,0
201,4.46669348433333,0,a2,0,0
202,4.48336011766667,0,a2,0,0
203,4.50002686766667,0,a2,0,0
204,4.51669341766667,0,a2,0,0
205,4.533360526,0,a2,0,0
206,4.550027151,0,a2,0,0
207,4.56669401211111,0,a2,0,0
208,4.58336082044444,0,a2,0,0
209,4.60002777322222,0,a2,0,0
210,4.616694601,0,a2,0,0
211,4.63336139266667,0,a2,0,0
212,4.65002793988889,0,a2,0,0
213,4.66669487044445,0,a2,0,0
214,4.68336159266667,0,a2,0,0
215,4.70002850933333,0,a2,0,0
216,4.71669509822222,0,a2,0,0
217,4.73336220377778,0,a2,0,0
218,4.75002868433333,0,a2,0,0
219,4.76669568988889,0,a2,0,0
220,4.78336249822222,0,a2,0,0
221,4.80002944544445,0,a2,0,0
222,4.81669593711111,0,a2,0,0
223,4.83336276211111,0,a2,0,0
224,4.85002937322222,0,a2,0,0
225,4.866696651,0,a2,0,0
226,4.88336384822222,0,a2,0,0
227,4.90003072044445,0,a2,0,0
228,4.91669736211111,0,a2,0,0
229,4.93336431766667,0,a2,0,0
230,4.95003131488889,0,a2,0,0
231,4.96669789266667,0,a2,0,0
232,4.983364576,0,a2,0,0
233,5.00003123433333,0,a2,0,-1
234,5.01669793155556,0,a2,0,-1
235,5.03336449822222,0,a2,0,-1
236,5.05003151488889,0,a2,0,-1
237,5.06669855377778,0,a2,0,-1
238,5.08336540655556,0,a2,0,-1
239,5.10003209544444,0,a2,0,-1
240,5.11669884822222,0,a2,0,-1
241,5.133365651,0,a2,0,-1
242,5.15003247877778,0,a2,0,-1
243,5.16669902877778,0,a2,1,-1
244,5.18336599822222,0,a2,1,-1
245,5.20003307877778,0,a2,1,-1
246,5.21669964822222,0,a2,1,-1
247,5.23336623988889,0,a2,1,-1
248,5.25003299544445,0,a2,1,-1
249,5.26669956766667,0,a2,1,-1
250,5.28336636766667,0,a2,0,-1
251,5.30003317044445,0,a2,0,-1
252,5.31669978988889,0,a2,0,-1
253,5.333366676,0,a2,0,-1
254,5.35003334544444,0,a2,0,-1
255,5.36669990377778,0,a2,0,-1
256,5.38336686488889,0,a2,0,-1
257,5.40003341211111,0,a2,0,-1
258,5.41670027877778,0,a2,0,-1
259,5.43336677044445,0,a2,1,-1
260,5.45003346766667,0,a2,0,-1
261,5.46670031211111,0,a2,1,-1
262,5.48336680933333,0,a2,1,-1
263,5.50003371766667,0,a2,1,-1
264,5.51670067322222,0,a2,1,-1
265,5.53336731766667,0,a2,1,-1
266,5.55003435933333,0,a2,0,-1
267,5.56670131211111,0,a2,0,-1
268,5.58336786211111,0,a2,0,-1
269,5.60003473433333,0,a2,0,-1
270,5.61670125377778,0,a2,0,-1
271,5.63336833988889,0,a2,0,-1
272,5.65003484266667,0,a2,0,-1
273,5.666701526,0,a2,0,-1
274,5.68336826766667,0,a2,0,-1
275,5.700034851,0,a2,0,-1
276,5.71670157044444,0,a2,0,-1
277,5.733368126,0,a2,0,-1
278,5.75003481211111,0,a2,0,-1
279,5.76670176488889,0,a2,0,-1
280,5.78336862877778,0,a2,0,-1
281,5.80003553988889,0,a2,0,-1
282,5.816702376,0,a2,0,-1
283,5.833369051,0,a2,0,-1
284,5.85003598433333,0,a2,0,-1
285,5.866703076,0,a2,0,-1
286,5.88336974544444,0,a2,0,-1
287,5.90003617322222,0,a2,0,-1
288,5.91670319822222,0,a2,0,-1
289,5.93336997044445,0,a2,0,-1
290,5.95003694822222,0,a2,0,-1
291,5.96670343988889,0,a2,0,-1
292,5.98337042877778,0,a2,1,-1
293,6.00003748711111,0,a2,1,-1
294,6.01670401488889,0,a2,1,-1
295,6.03337083433333,0,a2,1,-1
296,6.05003748711111,0,a2,1,-1
297,6.06670397322222,0,a2,1,-1
298,6.08337097877778,0,a2,1,-1
299,6.10003769266667,0,a2,1,-1
300,6.11670439822222,0,a2,1,-1
301,6.13337093988889,0,a2,1,-1
302,6.15003763988889,0,a2,1,-1
303,6.16670442044444,0,a2,1,-1
304,6.18337094266667,0,a2,1,-1
305,6.20003773711111,0,a2,1,-1
306,6.21670467322222,0,a2,1,-1
307,6.23337138711111,0,a2,1,-1
308,6.25003818711111,0,a2,1,-1
309,6.26670530655556,0,a2,1,-1
310,6.28337231488889,0,a2,1,-1
311,6.30003901488889,0,a2,1,-1
312,6.31670610933333,0,a2,1,-1
313,6.333372601,0,a2,1,-1
314,6.350039701,0,a2,1,-1
315,6.36670620377778,0,a2,1,-1
316,6.38337305377778,0,a2,1,-1
317,6.40003981211111,0,a2,1,-1
318,6.41670682322222,0,a2,0,-1
319,6.43337341766667,0,a2,0,-1
320,6.45004017322222,0,a2,1,-1
321,6.46670677044444,0,a2,0,-1
322,6.48337370933333,0,a2,1,-1
323,6.50004083155556,0,a2,1,-1
324,6.51670733711111,0,a2,1,-1
325,6.53337403711111,0,a2,1,-1
326,6.55004068155556,0,a2,1,-1
327,6.56670735933333,0,a2,1,-1
328,6.583374176,0,a2,1,-1
329,6.60004097322222,0,a2,1,-1
330,6.61670772322222,0,a2,1,-1
331,6.63337423433333,0,a2,1,-1
332,6.65004136766667,0,a2,1,-1
333,6.66670793433333,0,a2,1,-1
334,6.68337472044444,0,a2,1,-1
335,6.70004166211111,0,a2,1,-1
336,6.71670818155556,0,a2,1,-1
337,6.73337529822222,0,a2,1,-1
338,6.75004178988889,0,a2,1,-1
339,6.76670876766667,0,a2,1,-1
340,6.783375476,0,a2,1,-1
341,6.80004217322222,0,a2,1,-1
342,6.81670875933333,0,a2,1,-1
343,6.83337552322222,0,a2,1,-1
344,6.85004222322222,0,a2,1,-1
345,6.86670874544444,0,a2,1,-1
346,6.88337569266667,0,a2,1,-1
347,6.900042576,0,a2,1,-1
348,6.91670931488889,0,a2,1,-1
349,6.933376501,0,a2,1,-1
350,6.95004325377778,0,a2,1,-1
351,6.96670982044444,0,a2,1,-1
352,6.98337652044444,0,a2,1,-1
353,7.00004314822222,0,a2,1,-1
354,7.01670995933333,0,a2,1,-1
355,7.03337665933333,0,a2,1,-1
356,7.05004332044444,0,a2,1,-1
357,7.06670987044444,0,a2,1,-1
358,7.08337677877778,0,a2,1,-1
359,7.10004391488889,0,a2,1,-1
360,7.11671034266667,0,a2,1,-1
361,7.13337702877778,0,a2,1,-1
362,7.15004386766667,0,a2,1,-1
363,7.16671038433333,0,a2,1,-1
364,7.18337749266667,0,a2,1,-1
365,7.20004400377778,0,a2,1,-1
366,7.21671077044444,0,a2,1,-1
367,7.23337737044444,0,a2,1,-1
368,7.250044001,0,a2,1,-1
369,7.26671100933333,0,a2,1,-1
370,7.28337821211111,0,a2,1,-1
371,7.30004482044444,0,a2,1,-1
372,7.31671149266667,0,a2,1,-1
373,7.33337843155556,0,a2,1,-1
374,7.35004510655556,0,a2,1,-1
375,7.36671180377778,0,a2,1,-1
376,7.38337860377778,0,a2,1,-1
377,7.40004524822222,0,a2,1,-1
378,7.41671227322222,0,a2,1,-1
379,7.43337889822222,0,a2,1,-1
380,7.45004574266667,0,a2,1,-1
381,7.46671268988889,0,a2,1,-1
382,7.48337943988889,0,a2,1,-1
383,7.50004635933333,0,a2,1,-1
384,7.516713176,0,a2,1,-1
385,7.53338028155556,0,a2,1,-1
386,7.55004680933333,0,a2,1,-1
387,7.56671363433333,0,a2,1,-1
388,7.58338054266667,0,a2,1,-1
389,7.600047226,0,a2,1,-1
390,7.61671370655556,0,a2,1,-1
391,7.63338034822222,0,a2,1,-1
392,7.65004707877778,0,a2,1,-1
393,7.66671402044444,0,a2,1,-1
394,7.68338072044444,0,a2,1,-1
395,7.70004763433333,0,a2,1,-1
396,7.71671444544444,0,a2,1,-1
397,7.73338132044444,0,a2,1,-1
398,7.750048401,0,a2,1,-1
399,7.76671528433333,0,a2,1,-1
400,7.78338195377778,0,a2,1,-1
401,7.80004849266667,0,a2,1,-1
402,7.816715376,0,a2,1,-1
403,7.83338204544444,0,a2,1,-1
404,7.85004874544444,0,a2,1,-1
405,7.86671556766667,0,a2,1,-1
406,7.88338206766667,0,a2,1,-1
407,7.90004912044444,0,a2,1,-1
408,7.91671582877778,0,a2,1,-1
409,7.93338274544444,0,a2,1,-1
410,7.95004966488889,0,a2,1,-1
411,7.96671668711111,0,a2,1,-1
412,7.98338328155556,0,a2,1,-1
413,8.00004982322222,0,a2,1,-1
414,8.01671697044445,0,a2,1,-1
415,8.03338358155556,0,a2,1,-1
416,8.05005013433333,0,a2,1,-1
417,8.06671678155556,0,a2,1,-1
418,8.08338346211111,0,a2,1,-1
419,8.10005024822222,0,a2,1,-1
420,8.11671694544444,0,a2,1,-1
421,8.13338355933333,0,a2,1,-1
422,8.15005013433333,0,a2,1,-1
423,8.16671676488889,0,a2,1,-1
424,8.183383476,0,a2,1,-1
425,8.20005008988889,0,a2,1,-1
426,8.216716801,0,a2,1,-1
427,8.23338374544445,0,a2,1,-1
428,8.250050376,0,a2,1,-1
429,8.26671707877778,0,a2,1,-1
430,8.28338400933333,0,a2,1,-1
431,8.30005075377778,0,a2,1,-1
432,8.31671756211111,0,a2,1,-1
433,8.33338423433333,0,a2,1,-1
434,8.350051101,0,a2,1,-1
435,8.36671791766667,0,a2,1,-1
436,8.38338502877778,0,a2,1,-1
437,8.40005150933333,0,a2,1,-1
438,8.41671833711111,0,a2,1,-1
439,8.433384901,0,a2,1,-1
440,8.45005178433333,0,a2,1,-1
441,8.46671845655556,0,a2,1,-1
442,8.48338540377778,0,a2,1,-1
443,8.50005228433333,0,a2,1,-1
444,8.51671889544444,0,a2,1,-1
445,8.53338567322222,0,a2,1,-1
446,8.55005279266667,0,a2,1,-1
447,8.56671959544444,0,a2,1,-1
448,8.58338623711111,0,a2,1,-1
449,8.60005331211111,0,a2,1,-1
450,8.61671984266667,0,a2,1,-1
451,8.633386651,0,a2,1,-1
452,8.65005362044444,0,a2,1,-1
453,8.66672006488889,0,a2,1,-1
454,8.68338717044445,0,a2,1,-1
455,8.70005386488889,0,a2,1,-1
456,8.71672035655556,0,a2,1,-1
457,8.73338708155556,0,a2,1,-1
458,8.75005387322222,0,a2,1,-1
459,8.76672066488889,0,a2,1,-1
460,8.78338734266667,0,a2,1,-1
461,8.80005429822222,0,a2,1,-1
462,8.81672126211111,0,a2,1,-1
463,8.83338796211111,0,a2,1,-1
464,8.85005453433333,0,a2,1,-1
465,8.86672161488889,0,a2,1,-1
466,8.88338818711111,0,a2,1,-1
467,8.90005480377778,0,a2,1,-1
468,8.91672157322222,0,a2,1,-1
469,8.93338819266667,0,a2,1,-1
470,8.95005486211111,0,a2,1,-1
471,8.96672150655556,0,a2,1,-1
472,8.98338850377778,0,a2,1,-1
473,9.00005516211111,0,a2,1,-1
474,9.01672211766667,0,a2,1,-1
475,9.03338883988889,0,a2,1,-1
476,9.050055551,0,a2,1,-1
477,9.06672223988889,0,a2,1,-1
478,9.08338890933333,0,a2,1,-1
479,9.10005566766667,0,a2,1,-1
480,9.116722476,0,a2,1,-1
481,9.13338916211111,0,a2,1,-1
482,9.15005565655556,0,a2,1,-1
483,9.16672267322222,0,a2,1,-1
484,9.18338961488889,0,a2,1,-1
485,9.20005665377778,0,a2,1,-1
486,9.21672349266667,0,a2,1,-1
487,9.23339013155556,0,a2,1,-1
488,9.25005719822222,0,a2,1,-1
489,9.26672387322222,0,a2,1,-1
490,9.28339078433333,0,a2,1,-1
491,9.300057626,0,a2,1,-1
492,9.31672429822222,0,a2,1,-1
493,9.33339109822222,0,a2,1,-1
494,9.35005778155556,0,a2,1,-1
495,9.36672445933333,0,a2,1,-1
496,9.38339144266667,0,a2,1,-1
497,9.400058301,0,a2,1,-1
498,9.41672482044445,0,a2,1,-1
499,9.43339180933333,0,a2,1,-1
500,9.45005874266667,0,a2,1,-1
501,9.46672539822222,0,a2,1,-1
502,9.48339249544444,0,a2,1,-1
503,9.50005928988889,0,a2,1,-1
504,9.51672601488889,0,a2,1,-1
505,9.53339267044445,0,a2,1,-1
506,9.55005976488889,0,a2,1,-1
507,9.566726876,0,a2,1,-1
508,9.58339384544445,0,a2,1,-1
509,9.60006068433333,0,a2,1,-1
510,9.61672733433334,0,a2,1,-1
511,9.63339403988889,0,a2,1,-1
512,9.65006084266667,0,a2,1,-1
513,9.66672735377778,0,a2,1,-1
514,9.68339416488889,0,a2,1,-1
515,9.70006082322222,0,a2,1,-1
516,9.71672752322222,0,a2,1,-1
517,9.73339445655555,0,a2,1,-1
518,9.75006133988889,0,a2,1,-1
519,9.76672790655556,0,a2,1,-1
520,9.78339474266667,0,a2,1,-1
521,9.80006134544444,0,a2,1,-1
522,9.81672833711111,0,a2,1,-1
523,9.83339508711111,0,a2,1,-1
524,9.85006177322222,0,a2,1,-1
525,9.86672843433333,0,a2,1,-1
526,9.88339520377778,0,a2,1,-1
527,9.90006172322222,0,a2,1,-1
528,9.91672841488889,0,a2,1,-1
529,9.93339514544444,0,a2,1,-1
530,9.95006174544444,0,a2,1,-1
531,9.96672861211111,0,a2,1,-1
532,9.98339556211111,0,a2,1,-1
533,10.0000623482222,0,a2,1,-1
534,10.0167290121111,0,a2,1,-1
535,10.0333961315556,0,a2,1,-1
536,10.0500626565556,0,a2,1,-1
537,10.0667297037778,0,a2,1,-1
538,10.0833967371111,0,a2,1,-1
539,10.100063926,0,a2,1,-1
540,10.1167305648889,0,a2,1,-1
541,10.1333970148889,0,a2,1,-1
542,10.1500641537778,0,a2,1,-1
543,10.1667306676667,0,a2,1,-1
544,10.1833973732222,0,a2,1,-1
545,10.2000642871111,0,a2,1,-1
546,10.2167309704444,0,a2,1,-1
547,10.233398076,0,a2,1,-1
548,10.2500646148889,0,a2,1,-1
549,10.266731201,0,a2,1,-1
550,10.2833983037778,0,a2,1,-1
551,10.3000650704444,0,a2,1,-1
552,10.3167322093333,0,a2,1,-1
553,10.3333987565556,0,a2,1,-1
554,10.3500653787778,0,a2,1,-1
555,10.366732201,0,a2,1,-1
556,10.3833987287778,0,a2,1,-1
557,10.4000658426667,0,a2,1,-1
558,10.4167328037778,0,a2,1,-1
559,10.4333996704444,0,a2,1,-1
560,10.4500666871111,0,a2,1,-1
561,10.466733351,0,a2,1,-1
562,10.4834002926667,0,a2,1,-1
563,10.5000671815556,0,a2,1,-1
564,10.5167338926667,0,a2,1,-1
565,10.5334003954444,0,a2,1,-1
566,10.5500672176667,0,a2,1,-1
567,10.5667338676667,0,a2,1,-1
568,10.583400326,0,a2,1,-1
569,10.6000671037778,0,a2,1,-1
570,10.6167341482222,0,a2,1,-1
571,10.633401101,0,a2,1,-1
572,10.6500679732222,0,a2,1,-1
573,10.6667347398889,0,a2,1,-1
574,10.6834012454444,0,a2,1,-1
575,10.7000679204444,0,a2,1,-1
576,10.7167345815556,0,a2,1,-1
577,10.7334015287778,0,a2,1,-1
578,10.7500682148889,0,a2,1,-1
579,10.766735226,0,a2,1,-1
580,10.7834017232222,0,a2,1,-1
581,10.8000684593333,0,a2,1,-1
582,10.8167355482222,0,a2,1,-1
583,10.8334020676667,0,a2,1,-1
584,10.850068676,0,a2,1,-1
585,10.8667357121111,0,a2,1,-1
586,10.8834023482222,0,a2,1,-1
587,10.9000694398889,0,a2,1,-1
588,10.9167363871111,0,a2,1,-1
589,10.9334034065556,0,a2,1,-1
590,10.9500702565556,0,a2,1,-1
591,10.9667371315556,0,a2,1,-1
592,10.9834041426667,0,a2,1,-1
593,11.0000707843333,0,a2,1,-1
594,11.0167373676667,0,a2,1,-1
595,11.0334043121111,0,a2,1,-1
596,11.0500709565556,0,a2,1,-1
597,11.0667377676667,0,a2,1,-1
598,11.083404751,0,a2,1,-1
599,11.1000711676667,0,a2,1,-1
600,11.1167378815556,0,a2,1,-1
601,11.1334046926667,0,a2,1,-1
602,11.1500715398889,0,a2,1,-1
603,11.1667385898889,0,a2,1,-1
604,11.1834055343333,0,a2,1,-1
605,11.2000724648889,0,a2,1,-1
606,11.2167394426667,0,a2,1,-1
607,11.233406401,0,a2,1,-1
608,11.2500731648889,0,a2,1,-1
609,11.2667399621111,0,a2,1,-1
610,11.2834069926667,0,a2,1,-1
611,11.300073451,0,a2,1,-1
612,11.3167402621111,0,a2,1,-1
613,11.333406801,0,a2,1,-1
614,11.3500734621111,0,a2,1,-1
615,11.3667404065556,0,a2,1,-1
616,11.3834073426667,0,a2,1,-1
617,11.4000741037778,0,a2,1,-1
618,11.4167407065556,0,a2,1,-1
619,11.4334073843333,0,a2,1,-1
620,11.4500740954444,0,a2,1,-1
621,11.4667407704444,0,a2,1,-1
622,11.4834077537778,0,a2,1,-1
623,11.5000744148889,0,a2,1,-1
624,11.5167409204444,0,a2,1,-1
625,11.533407651,0,a2,1,-1
626,11.550074376,0,a2,1,-1
627,11.566741326,0,a2,1,-1
628,11.583407901,0,a2,1,-1
629,11.6000745398889,0,a2,1,-1
630,11.6167417037778,0,a2,1,-1
631,11.6334082037778,0,a2,1,-1
632,11.6500752593333,0,a2,1,-1
633,11.6667422287778,0,a2,1,-1
634,11.6834091454444,0,a2,1,-1
635,11.7000759565556,0,a2,1,-1
636,11.7167430398889,0,a2,1,-1
637,11.733409576,0,a2,1,-1
638,11.7500762287778,0,a2,1,-1
639,11.7667431648889,0,a2,1,-1
640,11.7834098648889,0,a2,1,-1
641,11.8000769871111,0,a2,1,-1
642,11.8167436954444,0,a2,1,-1
643,11.8334108343333,0,a2,1,-1
644,11.8500773537778,0,a2,1,-1
645,11.8667440287778,0,a2,1,-1
646,11.8834107121111,0,a2,1,-1
647,11.9000777732222,0,a2,1,-1
648,11.9167446954444,0,a2,1,-1
649,11.9334112454444,0,a2,1,-1
650,11.9500779065556,0,a2,1,-1
651,11.9667450232222,0,a2,1,-1
652,11.9834114565556,0,a2,1,-1
653,12.0000786037778,0,a2,1,-1
654,12.0167455121111,0,a2,1,-1
655,12.0334120398889,0,a2,1,-1
656,12.0500791565556,0,a2,1,-1
657,12.0667458454444,0,a2,1,-1
658,12.083412376,0,a2,1,-1
659,12.1000794537778,0,a2,1,-1
660,12.1167459871111,0,a2,1,-1
661,12.1334126343333,0,a2,1,-1
662,12.1500794454444,0,a2,1,-1
663,12.1667459287778,0,a2,1,-1
664,12.1834126204444,0,a2,1,-1
665,12.2000794315556,0,a2,1,-1
666,12.216745976,0,a2,1,-1
667,12.2334126037778,0,a2,1,-1
668,12.2500794176667,0,a2,1,-1
669,12.2667459982222,0,a2,1,-1
670,12.2834130343333,0,a2,1,-1
671,12.3000796065556,0,a2,1,-1
672,12.3167466926667,0,a2,1,-1
673,12.3334132121111,0,a2,1,-1
674,12.3500798371111,0,a2,1,-1
675,12.3667465398889,0,a2,1,-1
676,12.3834131704444,0,a2,1,-1
677,12.400079851,0,a2,1,-1
678,12.4167466565556,0,a2,1,-1
679,12.4334136065556,0,a2,1,-1
680,12.4500802704444,0,a2,1,-1
681,12.4667471121111,0,a2,1,-1
682,12.483413801,0,a2,1,-1
683,12.5000808593333,0,a2,1,-1
684,12.5167474843333,0,a2,1,-1
685,12.5334140287778,0,a2,1,-1
686,12.5500808204444,0,a2,1,-1
687,12.5667473537778,0,a2,1,-1
688,12.5834142954444,0,a2,1,-1
689,12.6000812537778,0,a2,1,-1
690,12.6167483287778,0,a2,1,-1
691,12.6334150148889,0,a2,1,-1
692,12.6500815482222,0,a2,1,-1
693,12.6667487148889,0,a2,1,-1
694,12.6834151148889,0,a2,1,-1
695,12.7000817954444,0,a2,1,-1
696,12.716748451,0,a2,1,-1
697,12.7334151287778,0,a2,1,-1
698,12.7500818148889,0,a2,1,-1
699,12.766748876,0,a2,1,-1
700,12.7834158426667,0,a2,1,-1
701,12.8000823898889,0,a2,1,-1
702,12.8167494565556,0,a2,1,-1
703,12.8334163315556,0,a2,1,-1
704,12.8500828343333,0,a2,1,-1
705,12.8667499676667,0,a2,1,-1
706,12.8834169676667,0,a2,1,-1
707,12.9000837426667,0,a2,1,-1
708,12.9167508398889,0,a2,1,-1
709,12.9334174898889,0,a2,1,-1
710,12.9500840176667,0,a2,1,-1
711,12.966750676,0,a2,1,-1
712,12.9834176398889,0,a2,1,-1
713,13.0000846176667,0,a2,1,-1
714,13.0167516954444,0,a2,1,-1
715,13.0334181398889,0,a2,1,-1
716,13.0500852565556,0,a2,1,-1
717,13.0667518037778,0,a2,1,-1
718,13.0834184843333,0,a2,1,-1
719,13.1000854315556,0,a2,1,-1
720,13.1167524898889,0,a2,1,-1
721,13.1334189926667,0,a2,1,-1
722,13.1500856926667,0,a2,1,-1
723,13.166752826,0,a2,1,-1
724,13.1834192232222,0,a2,1,-1
725,13.2000863037778,0,a2,1,-1
726,13.2167532537778,0,a2,1,-1
727,13.2334198232222,0,a2,1,-1
728,13.2500868204444,0,a2,1,-1
729,13.2667534843333,0,a2,1,-1
730,13.2834203176667,0,a2,1,-1
731,13.3000867926667,0,a2,1,-1
732,13.3167535065556,0,a2,1,-1
733,13.3334203176667,0,a2,1,-1
734,13.3500867593333,0,a2,1,-1
735,13.366753826,0,a2,1,-1
736,13.3834203954444,0,a2,1,-1
737,13.4000873065556,0,a2,1,-1
738,13.4167544454444,0,a2,1,-1
739,13.433421226,0,a2,1,-1
740,13.4500878982222,0,a2,1,-1
741,13.4667547287778,0,a2,1,-1
742,13.4834217454444,0,a2,1,-1
743,13.5000882371111,0,a2,1,-1
744,13.5167551787778,0,a2,1,-1
745,13.5334217482222,0,a2,1,-1
746,13.5500888815556,0,a2,1,-1
747,13.5667558176667,0,a2,1,-1
748,13.5834226537778,0,a2,1,-1
749,13.6000892648889,0,a2,1,-1
750,13.6167559704444,0,a2,1,-1
751,13.6334230343333,0,a2,1,-1
752,13.650090001,0,a2,1,-1
753,13.6667569565556,0,a2,1,-1
754,13.6834235648889,0,a2,1,-1
755,13.7000900732222,0,a2,1,-1
756,13.7167571787778,0,a2,1,-1
757,13.7334239732222,0,a2,1,-1
758,13.7500906232222,0,a2,1,-1
759,13.7667573426667,0,a2,1,-1
760,13.7834244426667,0,a2,1,-1
761,13.8000911315556,0,a2,1,-1
762,13.8167576621111,0,a2,1,-1
763,13.8334242926667,0,a2,1,-1
764,13.8500913732222,0,a2,1,-1
765,13.8667582065556,0,a2,1,-1
766,13.8834251871111,0,a2,1,-1
767,13.9000919232222,0,a2,1,-1
768,13.9167584482222,0,a2,1,-1
769,13.9334255204444,0,a2,1,-1
770,13.9500920815556,0,a2,1,-1
771,13.9667587593333,0,a2,1,-1
772,13.983425401,0,a2,1,-1
773,14.0000920676667,0,a2,1,-1
774,14.0167586704444,0,a2,1,-1
775,14.0334258482222,0,a2,1,-1
776,14.0500926871111,0,a2,1,-1
777,14.0667596676667,0,a2,1,-1
778,14.0834261954444,0,a2,1,-1
779,14.1000928843333,0,a2,1,-1
780,14.1167597204444,0,a2,1,-1
781,14.1334267482222,0,a2,1,-1
782,14.1500931704444,0,a2,1,-1
783,14.1667601232222,0,a2,1,-1
784,14.1834269037778,0,a2,1,-1
785,14.2000936593333,0,a2,1,-1
786,14.2167605704444,0,a2,1,-1
787,14.2334274093333,0,a2,1,-1
788,14.2500943676667,0,a2,1,-1
789,14.266760976,0,a2,1,-1
790,14.2834279398889,0,a2,1,-1
791,14.3000949815556,0,a2,1,-1
792,14.3167615093333,0,a2,1,-1
793,14.3334284621111,0,a2,1,-1
794,14.3500951676667,0,a2,1,-1
795,14.3667620954444,0,a2,1,-1
796,14.3834290676667,0,a2,1,-1
797,14.400095601,0,a2,1,-1
798,14.4167622787778,0,a2,1,-1
799,14.4334290315556,0,a2,1,-1
800,14.4500961482222,0,a2,1,-1
801,14.4667629037778,0,a2,1,-1
802,14.483429676,0,a2,1,-1
803,14.5000962593333,0,a2,1,-1
804,14.516763201,0,a2,1,-1
805,14.5334299343333,0,a2,1,-1
806,14.5500965371111,0,a2,1,-1
807,14.566763226,0,a2,1,-1
808,14.5834298371111,0,a2,1,-1
809,14.6000967398889,0,a2,1,-1
810,14.6167638648889,0,a2,1,-1
811,14.6334305593333,0,a2,1,-1
812,14.6500973482222,0,a2,1,-1
813,14.6667640121111,0,a2,1,-1
814,14.6834310843333,0,a2,1,-1
815,14.7000976454444,0,a2,1,-1
816,14.7167647287778,0,a2,1,-1
817,14.7334315843333,0,a2,1,-1
818,14.7500981954444,0,a2,1,-1
819,14.766764976,0,a2,1,-1
820,14.7834314704444,0,a2,1,-1
821,14.8000981898889,0,a2,1,-1
822,14.8167648343333,0,a2,1,-1
823,14.8334319343333,0,a2,1,-1
824,14.8500985871111,0,a2,1,-1
825,14.8667651482222,0,a2,1,-1
826,14.8834322565556,0,a2,1,-1
827,14.9000991843333,0,a2,1,-1
828,14.9167660176667,0,a2,1,-1
829,14.9334326065556,0,a2,1,-1
830,14.9500992593333,0,a2,1,-1
831,14.966766101,0,a2,1,-1
832,14.9834327398889,0,a2,1,-1
833,15.0000997426667,0,a2,1,-1
834,15.0167664093333,0,a2,1,-1
835,15.0334328621111,0,a2,1,-1
836,15.0500999648889,0,a2,1,-1
837,15.0667665454444,0,a2,1,-1
838,15.0834332093333,0,a2,1,-1
839,15.1000998232222,0,a2,1,-1
840,15.1167665371111,0,a2,1,-1
841,15.1334333565556,0,a2,1,-1
842,15.1501002704444,0,a2,1,-1
843,15.1667671871111,0,a2,1,-1
844,15.1834337676667,0,a2,1,-1
845,15.200100401,0,a2,1,-1
846,15.216767401,0,a2,1,-1
847,15.2334340482222,0,a2,1,-1
848,15.2501007621111,0,a2,1,-1
849,15.2667672926667,0,a2,1,-1
850,15.2834343815556,0,a2,1,-1
851,15.3001010648889,0,a2,1,-1
852,15.3167676593333,0,a2,1,-1
853,15.333434426,0,a2,1,-1
854,15.3501013621111,0,a2,1,-1
855,15.366767901,0,a2,1,-1
856,15.3834346926667,0,a2,1,-1
857,15.4001014176667,0,a2,1,-1
858,15.4167682065556,0,a2,1,-1
859,15.4334352093333,0,a2,1,-1
860,15.4501017787778,0,a2,1,-1
861,15.4667685898889,0,a2,1,-1
862,15.4834352593333,0,a2,1,-1
863,15.5001018093333,0,a2,1,-1
864,15.5167684565556,0,a2,1,-1
865,15.5334354065556,0,a2,1,-1
866,15.550102451,0,a2,1,-1
867,15.5667691037778,0,a2,1,-1
868,15.5834356982222,0,a2,1,-1
869,15.6001026815556,0,a2,1,-1
870,15.6167692454444,0,a2,1,-1
871,15.6334361537778,0,a2,1,-1
872,15.6501025926667,0,a2,1,-1
873,15.6667692871111,0,a2,1,-1
874,15.6834359454444,0,a2,1,-1
875,15.7001026371111,0,a2,1,-1
876,15.7167692843333,0,a2,1,-1
877,15.733435951,0,a2,1,-1
878,15.750102901,0,a2,1,-1
879,15.7667695093333,0,a2,1,-1
880,15.7834366204444,0,a2,1,-1
881,15.8001031704444,0,a2,1,-1
882,15.8167698621111,0,a2,1,-1
883,15.8334369482222,0,a2,1,-1
884,15.8501035982222,0,a2,1,-1
885,15.8667701426667,0,a2,1,-1
886,15.8834371037778,0,a2,1,-1
887,15.9001037454444,0,a2,1,-1
888,15.916770576,0,a2,1,-1
889,15.9334374454444,0,a2,1,-1
890,15.9501040371111,0,a2,1,-1
891,15.966770626,0,a2,1,-1
892,15.9834373676667,0,a2,1,-1
893,16.0001041898889,0,a2,1,-1
894,16.0167706676667,0,a2,1,-1
895,16.0334374787778,0,a2,1,-1
896,16.0501040148889,0,a2,1,-1
897,16.066770826,0,a2,1,-1
898,16.0834374704444,0,a2,1,-1
899,16.1001043926667,0,a2,1,-1
900,16.1167710204444,0,a2,1,-1
901,16.1334377426667,0,a2,1,-1
902,16.1501046704444,0,a2,1,-1
903,16.1667716454444,0,a2,1,-1
904,16.183438201,0,a2,1,-1
905,16.2001052732222,0,a2,1,-1
906,16.2167722148889,0,a2,1,-1
907,16.2334387426667,0,a2,1,-1
908,16.2501058371111,0,a2,1,-1
909,16.266772326,0,a2,1,-1
910,16.2834391787778,0,a2,1,-1
911,16.3001060593333,0,a2,1,-1
912,16.3167730898889,0,a2,1,-1
913,16.3334398426667,0,a2,1,-1
914,16.3501067676667,0,a2,1,-1
915,16.3667735982222,0,a2,1,-1
916,16.383440126,0,a2,1,-1
917,16.4001070676667,0,a2,1,-1
918,16.4167737593333,0,a2,1,-1
919,16.4334407843333,0,a2,1,-1
920,16.4501073371111,0,a2,1,-1
921,16.4667744704444,0,a2,1,-1
922,16.4834410398889,0,a2,1,-1
923,16.5001075787778,0,a2,1,-1
924,16.5167743982222,0,a2,1,-1
925,16.5334412982222,0,a2,1,-1
926,16.5501083398889,0,a2,1,-1
927,16.5667748732222,0,a2,1,-1
928,16.5834414871111,0,a2,1,-1
929,16.6001082037778,0,a2,1,-1
930,16.6167750093333,0,a2,1,-1
931,16.6334419621111,0,a2,1,-1
932,16.6501084232222,0,a2,1,-1
933,16.6667751787778,0,a2,1,-1
934,16.6834421704444,0,a2,1,-1
935,16.7001089676667,0,a2,1,-1
936,16.7167758398889,0,a2,1,-1
937,16.7334426482222,0,a2,1,-1
938,16.7501094343333,0,a2,1,-1
939,16.7667759343333,0,a2,1,-1
940,16.7834429148889,0,a2,1,-1
941,16.800109701,0,a2,1,-1
942,16.8167761593333,0,a2,1,-1
943,16.8334433482222,0,a2,1,-1
944,16.8501102037778,0,a2,1,-1
945,16.8667771982222,0,a2,1,-1
946,16.8834441482222,0,a2,1,-1
947,16.9001106926667,0,a2,1,-1
948,16.9167776621111,0,a2,1,-1
949,16.9334447232222,0,a2,1,-1
950,16.9501116398889,0,a2,1,-1
951,16.9667785176667,0,a2,1,-1
952,16.9834453232222,0,a2,1,-1
953,17.0001121815556,0,a2,1,-1
954,17.0167786898889,0,a2,1,-1
955,17.033445801,0,a2,1,-1
956,17.0501123204444,0,a2,1,-1
957,17.0667791398889,0,a2,1,-1
958,17.0834458287778,0,a2,1,-1
959,17.1001124815556,0,a2,1,-1
960,17.1167791537778,0,a2,1,-1
961,17.1334456732222,0,a2,1,-1
962,17.1501127593333,0,a2,1,-1
963,17.1667797565556,0,a2,1,-1
964,17.1834461926667,0,a2,1,-1
965,17.2001128954444,0,a2,1,-1
966,17.2167799732222,0,a2,1,-1
967,17.2334469398889,0,a2,1,-1
968,17.250113601,0,a2,1,-1
969,17.2667805343333,0,a2,1,-1
970,17.2834475065556,0,a2,1,-1
971,17.3001140176667,0,a2,1,-1
972,17.3167807065556,0,a2,1,-1
973,17.3334476593333,0,a2,1,-1
974,17.3501142371111,0,a2,1,-1
975,17.3667813426667,0,a2,1,-1
976,17.3834479676667,0,a2,1,-1
977,17.4001148593333,0,a2,1,-1
978,17.4167816621111,0,a2,1,-1
979,17.4334485954444,0,a2,1,-1
980,17.4501155426667,0,a2,1,-1
981,17.4667820871111,0,a2,1,-1
982,17.4834486565556,0,a2,1,-1
983,17.5001157537778,0,a2,1,-1
984,17.5167824037778,0,a2,1,-1
985,17.5334490815556,0,a2,1,-1
986,17.5501158204444,0,a2,1,-1
987,17.5667824732222,0,a2,1,-1
988,17.5834490315556,0,a2,1,-1
989,17.6001157482222,0,a2,1,-1
990,17.6167823676667,0,a2,1,-1
991,17.6334494093333,0,a2,1,-1
992,17.6501163454444,0,a2,1,-1
993,17.666783376,0,a2,1,-1
994,17.6834499065556,0,a2,1,-1
995,17.7001168815556,0,a2,1,-1
996,17.716783401,0,a2,1,-1
997,17.7334501176667,0,a2,1,-1
998,17.7501169037778,0,a2,1,-1
999,17.7667837426667,0,a2,1,-1
1000,17.7834503815556,0,a2,1,-1
1001,17.8001174926667,0,a2,1,-1
1002,17.8167839593333,0,a2,1,-1
1003,17.8334508593333,0,a2,1,-1
1004,17.8501177954444,0,a2,1,-1
1005,17.8667845037778,0,a2,1,-1
1006,17.8834509343333,0,a2,1,-1
1007,17.9001175926667,0,a2,1,-1
1008,17.9167843204444,0,a2,1,-1
1009,17.9334513815556,0,a2,1,-1
1010,17.950118326,0,a2,1,-1
1011,17.9667848676667,0,a2,1,-1
1012,17.9834516815556,0,a2,1,-1
1013,18.0001186037778,0,a2,1,-1
1014,18.0167855787778,0,a2,1,-1
1015,18.0334525565556,0,a2,1,-1
1016,18.0501193648889,0,a2,1,-1
1017,18.066786101,0,a2,1,-1
1018,18.0834530287778,0,a2,1,-1
1019,18.1001199787778,0,a2,1,-1
1020,18.1167866648889,0,a2,1,-1
1021,18.1334531926667,0,a2,1,-1
1022,18.1501198315556,0,a2,1,-1
1023,18.1667869121111,0,a2,1,-1
1024,18.1834534593333,0,a2,1,-1
1025,18.2001201898889,0,a2,1,-1
1026,18.2167871426667,0,a2,1,-1
1027,18.2334536898889,0,a2,1,-1
1028,18.250120426,0,a2,1,-1
1029,18.2667870898889,0,a2,1,-1
1030,18.2834537593333,0,a2,1,-1
1031,18.3001203704444,0,a2,1,-1
1032,18.3167871954444,0,a2,1,-1
1033,18.3334537732222,0,a2,1,-1
1034,18.3501205676667,0,a2,1,-1
1035,18.3667875454444,0,a2,1,-1
1036,18.3834543843333,0,a2,1,-1
1037,18.4001210621111,0,a2,1,-1
1038,18.4167877871111,0,a2,1,-1
1039,18.4334544093333,0,a2,1,-1
1040,18.4501211232222,0,a2,1,-1
1041,18.4667875871111,0,a2,1,-1
1042,18.483454701,0,a2,1,-1
1043,18.500121376,0,a2,1,-1
1044,18.5167882148889,0,a2,1,-1
1045,18.5334551315556,0,a2,1,-1
1046,18.5501222732222,0,a2,1,-1
1047,18.5667888287778,0,a2,1,-1
1048,18.5834555204444,0,a2,1,-1
1049,18.6001220648889,0,a2,1,-1
1050,18.6167890315556,0,a2,1,-1
1051,18.633456076,0,a2,1,-1
1052,18.6501229287778,0,a2,1,-1
1053,18.6667895732222,0,a2,1,-1
1054,18.6834565593333,0,a2,1,-1
1055,18.7001232898889,0,a2,1,-1
1056,18.7167897871111,0,a2,1,-1
1057,18.7334568676667,0,a2,1,-1
1058,18.7501234648889,0,a2,1,-1
1059,18.7667905482222,0,a2,1,-1
1060,18.7834570343333,0,a2,1,-1
1061,18.8001237176667,0,a2,1,-1
1062,18.8167905482222,0,a2,1,-1
1063,18.8334570954444,0,a2,1,-1
1064,18.8501237676667,0,a2,1,-1
1065,18.8667906982222,0,a2,1,-1
1066,18.883457651,0,a2,1,-1
1067,18.9001246565556,0,a2,1,-1
1068,18.9167912371111,0,a2,1,-1
1069,18.933458201,0,a2,1,-1
1070,18.9501248565556,0,a2,1,-1
1071,18.9667919426667,0,a2,1,-1
1072,18.9834584315556,0,a2,1,-1
1073,19.0001252704444,0,a2,1,-1
1074,19.0167920843333,0,a2,1,-1
1075,19.0334587704444,0,a2,1,-1
1076,19.0501256954444,0,a2,1,-1
1077,19.0667923982222,0,a2,1,-1
1078,19.0834590954444,0,a2,1,-1
1079,19.1001256648889,0,a2,1,-1
1080,19.116792776,0,a2,1,-1
1081,19.1334596954444,0,a2,1,-1
1082,19.1501263954444,0,a2,1,-1
1083,19.1667932037778,0,a2,1,-1
1084,19.1834598093333,0,a2,1,-1
1085,19.2001269398889,0,a2,1,-1
1086,19.2167934621111,0,a2,1,-1
1087,19.2334605871111,0,a2,1,-1
1088,19.2501273315556,0,a2,1,-1
1089,19.266794001,0,a2,1,-1
1090,19.2834609343333,0,a2,1,-1
1091,19.3001276037778,0,a2,1,-1
1092,19.3167944371111,0,a2,1,-1
1093,19.3334613565556,0,a2,1,-1
1094,19.3501282593333,0,a2,1,-1
1095,19.3667949537778,0,a2,1,-1
1096,19.3834615204444,0,a2,1,-1
1097,19.4001285982222,0,a2,1,-1
1098,19.4167950815556,0,a2,1,-1
1099,19.4334617537778,0,a2,1,-1
1100,19.4501284676667,0,a2,1,-1
1101,19.4667952621111,0,a2,1,-1
1102,19.4834619232222,0,a2,1,-1
1103,19.5001284815556,0,a2,1,-1
1104,19.5167951982222,0,a2,1,-1
1105,19.5334617704444,0,a2,1,-1
1106,19.5501289426667,0,a2,1,-1
1107,19.5667953287778,0,a2,1,-1
1108,19.5834621204444,0,a2,1,-1
1109,19.6001286815556,0,a2,1,-1
1110,19.6167955065556,0,a2,1,-1
1111,19.6334620593333,0,a2,1,-1
1112,19.6501287454444,0,a2,1,-1
1113,19.6667953732222,0,a2,1,-1
1114,19.6834620232222,0,a2,1,-1
1115,19.7001289537778,0,a2,1,-1
1116,19.7167957204444,0,a2,1,-1
1117,19.7334626787778,0,a2,1,-1
1118,19.7501297537778,0,a2,1,-1
1119,19.7667963287778,0,a2,1,-1
1120,19.7834633037778,0,a2,1,-1
1121,19.8001300148889,0,a2,1,-1
1122,19.8167964926667,0,a2,1,-1
1123,19.8334633287778,0,a2,1,-1
1124,19.8501302704444,0,a2,1,-1
1125,19.8667969343333,0,a2,1,-1
1126,19.8834638037778,0,a2,1,-1
1127,19.9001303843333,0,a2,1,-1
1128,19.9167971315556,0,a2,1,-1
1129,19.9334641093333,0,a2,1,-1
1130,19.9501308482222,0,a2,1,-1
1131,19.9667973426667,0,a2,1,-1
1132,19.9834641287778,0,a2,1,-1
1133,1.11666891111111,1,a2,1,1
1134,1.13333567,1,a2,1,1
1135,1.15000233611111,1,a2,1,1
1136,1.166669255,1,a2,1,1
1137,1.18333609861111,1,a2,1,1
1138,1.20000259638889,1,a2,1,1
1139,1.21666918361111,1,a2,1,1
1140,1.23333588027778,1,a2,1,1
1141,1.25000278694444,1,a2,1,1
1142,1.26666936722222,1,a2,1,1
1143,1.28333590527778,1,a2,1,1
1144,1.30000272222222,1,a2,1,1
1145,1.31666939694444,1,a2,1,1
1146,1.33333605638889,1,a2,1,1
1147,1.35000279,1,a2,1,1
1148,1.36666941416667,1,a2,1,1
1149,1.3833359375,1,a2,1,1
1150,1.40000275277778,1,a2,1,1
1151,1.41666934388889,1,a2,1,1
1152,1.43333600166667,1,a2,1,1
1153,1.45000267666667,1,a2,1,1
1154,1.46666970222222,1,a2,1,1
1155,1.48333618861111,1,a2,1,1
1156,1.50000292111111,1,a2,1,1
1157,1.51666971638889,1,a2,1,1
1158,1.53333667083333,1,a2,1,1
1159,1.55000316777778,1,a2,1,1
1160,1.56666977611111,1,a2,1,1
1161,1.58333653444444,1,a2,1,1
1162,1.60000325666667,1,a2,1,1
1163,1.61666997055556,1,a2,1,1
1164,1.63333684555556,1,a2,1,1
1165,1.650003765,1,a2,1,1
1166,1.66667036222222,1,a2,1,1
1167,1.68333719,1,a2,1,1
1168,1.70000387611111,1,a2,1,1
1169,1.71667053444444,1,a2,1,1
1170,1.73333708166667,1,a2,1,1
1171,1.75000379833333,1,a2,1,1
1172,1.76667049555556,1,a2,1,1
1173,1.78333722888889,1,a2,1,1
1174,1.80000364833333,1,a2,1,1
1175,1.81667055944444,1,a2,1,1
1176,1.83333710388889,1,a2,1,1
1177,1.85000370666667,1,a2,1,1
1178,1.86667030666667,1,a2,1,1
1179,1.88333717611111,1,a2,1,1
1180,1.90000379833333,1,a2,1,1
1181,1.91667043444444,1,a2,1,1
1182,1.933337115,1,a2,1,1
1183,1.95000364555556,1,a2,1,1
1184,1.96667055388889,1,a2,1,1
1185,1.98333710111111,1,a2,1,1
1186,2.00000380944444,1,a2,1,1
1187,2.01667069833333,1,a2,1,1
1188,2.03333734833333,1,a2,1,1
1189,2.05000444555556,1,a2,1,1
1190,2.06667106222222,1,a2,1,1
1191,2.08333773722222,1,a2,1,1
1192,2.10000426777778,1,a2,1,1
1193,2.11667088444444,1,a2,1,1
1194,2.13333778444444,1,a2,1,1
1195,2.15000474555556,1,a2,1,1
1196,2.16667146222222,1,a2,1,1
1197,2.18333810666667,1,a2,1,1
1198,2.20000495666667,1,a2,1,1
1199,2.21667187888889,1,a2,1,1
1200,2.23333845111111,1,a2,1,1
1201,2.25000526222222,1,a2,1,1
1202,2.26667173444444,1,a2,1,1
1203,2.283338565,1,a2,1,1
1204,2.30000512055556,1,a2,1,1
1205,2.31667184555556,1,a2,1,1
1206,2.33333856777778,1,a2,1,1
1207,2.35000527055556,1,a2,1,1
1208,2.36667183444444,1,a2,1,1
1209,2.38333849555556,1,a2,1,1
1210,2.400005215,1,a2,1,1
1211,2.41667179555556,1,a2,1,1
1212,2.43333852888889,1,a2,1,1
1213,2.45000515666667,1,a2,1,1
1214,2.46667191222222,1,a2,1,1
1215,2.48333849833333,1,a2,1,1
1216,2.50000514,1,a2,1,1
1217,2.51667180111111,1,a2,1,1
1218,2.533338515,1,a2,1,1
1219,2.55000521777778,1,a2,1,1
1220,2.56667189277778,1,a2,1,1
1221,2.58333855944444,1,a2,1,1
1222,2.60000528444444,1,a2,1,1
1223,2.61667193166667,1,a2,1,1
1224,2.63333855388889,1,a2,1,1
1225,2.65000510944444,1,a2,1,1
1226,2.66667192055556,1,a2,1,1
1227,2.68333844833333,1,a2,1,1
1228,2.70000512888889,1,a2,1,1
1229,2.71667185111111,1,a2,1,1
1230,2.73333847611111,1,a2,1,1
1231,2.75000508722222,1,a2,1,1
1232,2.76667172611111,1,a2,1,1
1233,2.78333839277778,1,a2,1,1
1234,2.80000532333333,1,a2,1,1
1235,2.81667211222222,1,a2,1,1
1236,2.83333868722222,1,a2,1,1
1237,2.85000555944444,1,a2,1,1
1238,2.86667218722222,1,a2,1,1
1239,2.88333908444444,1,a2,1,1
1240,2.90000572333333,1,a2,1,1
1241,2.91667240388889,1,a2,1,1
1242,2.93333909,1,a2,1,1
1243,2.95000559833333,1,a2,1,1
1244,2.966672365,1,a2,1,1
1245,2.98333912611111,1,a2,1,1
1246,3.00000562055556,1,a2,1,1
1247,3.01667260111111,1,a2,1,1
1248,3.03333930111111,1,a2,1,1
1249,3.05000592055556,1,a2,1,1
1250,3.06667281777778,1,a2,1,1
1251,3.08333949555556,1,a2,1,1
1252,3.10000616222222,1,a2,1,1
1253,3.11667292888889,1,a2,1,1
1254,3.13333952055556,1,a2,1,1
1255,3.15000631777778,1,a2,1,1
1256,3.16667282333333,1,a2,1,1
1257,3.18333955388889,1,a2,1,1
1258,3.20000616777778,1,a2,1,1
1259,3.21667302055556,1,a2,1,1
1260,3.23333967888889,1,a2,1,1
1261,3.250006265,1,a2,1,1
1262,3.26667291777778,1,a2,1,1
1263,3.28333955111111,1,a2,1,1
1264,3.30000622888889,1,a2,1,1
1265,3.31667304277778,1,a2,1,1
1266,3.33333966777778,1,a2,1,1
1267,3.35000635944444,1,a2,1,1
1268,3.36667334555556,1,a2,1,1
1269,3.38334000388889,1,a2,1,1
1270,3.40000664833333,1,a2,1,1
1271,3.416673065,1,a2,1,1
1272,3.43334011777778,1,a2,1,1
1273,3.45000719833333,1,a2,1,1
1274,3.46667401222222,1,a2,1,1
1275,3.48334075944444,1,a2,1,1
1276,3.50000750111111,1,a2,1,1
1277,3.516673965,1,a2,1,1
1278,3.53334073444444,1,a2,1,1
1279,3.55000772333333,1,a2,1,1
1280,3.56667472055556,1,a2,1,1
1281,3.58334133166667,1,a2,1,1
1282,3.60000798722222,1,a2,1,1
1283,3.616674915,1,a2,1,1
1284,3.63334147333333,1,a2,1,1
1285,3.65000820666667,1,a2,1,1
1286,3.66667480666667,1,a2,1,1
1287,3.68334157055556,1,a2,1,1
1288,3.70000815666667,1,a2,1,1
1289,3.71667488444444,1,a2,1,1
1290,3.73334163444444,1,a2,1,1
1291,3.75000808722222,1,a2,1,1
1292,3.76667493166667,1,a2,1,1
1293,3.78334140388889,1,a2,1,1
1294,3.80000821222222,1,a2,1,1
1295,3.81667472888889,1,a2,1,1
1296,3.83334165944444,1,a2,1,1
1297,3.85000806777778,1,a2,1,1
1298,3.86667480666667,1,a2,1,1
1299,3.88334150388889,1,a2,1,1
1300,3.90000822055556,1,a2,1,1
1301,3.91667487055556,1,a2,1,1
1302,3.93334144277778,1,a2,1,1
1303,3.95000812055556,1,a2,1,1
1304,3.96667494,1,a2,1,1
1305,3.98334153722222,1,a2,1,1
1306,4.00000824555556,1,a2,1,1
1307,4.01667474,1,a2,1,1
1308,4.03334150944444,1,a2,1,1
1309,4.05000814277778,1,a2,1,1
1310,4.06667499277778,1,a2,1,1
1311,4.08334167333333,1,a2,1,1
1312,4.10000816777778,1,a2,1,1
1313,4.11667499555556,1,a2,1,1
1314,4.13334146222222,1,a2,1,1
1315,4.15000821222222,1,a2,1,1
1316,4.16667495388889,1,a2,1,1
1317,4.18334160944444,1,a2,1,1
1318,4.20000817055556,1,a2,1,1
1319,4.21667503444444,1,a2,1,1
1320,4.23334175111111,1,a2,1,1
1321,4.25000838444445,1,a2,1,1
1322,4.26667504277778,1,a2,1,1
1323,4.28334189,1,a2,1,1
1324,4.30000854555556,1,a2,1,1
1325,4.31667517888889,1,a2,1,1
1326,4.33334178166667,1,a2,1,1
1327,4.35000858722222,1,a2,1,1
1328,4.36667512333333,1,a2,1,1
1329,4.383341815,1,a2,1,1
1330,4.40000840666667,1,a2,1,1
1331,4.41667525666667,1,a2,1,1
1332,4.43334178166667,1,a2,1,1
1333,4.45000847055556,1,a2,1,1
1334,4.46667552055556,1,a2,1,1
1335,4.483342115,1,a2,1,1
1336,4.50000871777778,1,a2,1,1
1337,4.51667537333333,1,a2,1,1
1338,4.53334200111111,1,a2,1,1
1339,4.55000882611111,1,a2,1,1
1340,4.56667532611111,1,a2,1,1
1341,4.58334214277778,1,a2,1,1
1342,4.60000878166667,1,a2,1,1
1343,4.61667540944445,1,a2,1,1
1344,4.63334207888889,1,a2,1,1
1345,4.65000874555556,1,a2,1,1
1346,4.66667540388889,1,a2,1,1
1347,4.68334206777778,1,a2,1,1
1348,4.70000867888889,1,a2,1,1
1349,4.71667534833333,1,a2,1,1
1350,4.73334203166667,1,a2,1,1
1351,4.75000866777778,1,a2,1,1
1352,4.76667532333333,1,a2,1,1
1353,4.78334202888889,1,a2,1,1
1354,4.800008865,1,a2,1,1
1355,4.81667557611111,1,a2,1,1
1356,4.83334222611111,1,a2,1,1
1357,4.85000888166667,1,a2,1,1
1358,4.86667530666667,1,a2,1,1
1359,4.88334196777778,1,a2,1,1
1360,4.90000865944445,1,a2,1,1
1361,4.91667530666667,1,a2,1,1
1362,4.93334214555555,1,a2,1,1
1363,4.95000880944444,1,a2,1,1
1364,4.96667547055556,1,a2,1,1
1365,4.98334215111111,1,a2,1,1
1366,5.00000913722222,1,a2,1,1
1367,5.01667575388889,1,a2,1,1
1368,5.03334243444444,1,a2,1,1
1369,5.050009115,1,a2,1,1
1370,5.06667608166667,1,a2,1,1
1371,5.08334276777778,1,a2,1,1
1372,5.10000972333333,1,a2,1,1
1373,5.11667639833333,1,a2,1,1
1374,5.13334297055555,1,a2,1,1
1375,5.15000951222222,1,a2,1,1
1376,5.16667618722222,1,a2,1,1
1377,5.183343015,1,a2,1,1
1378,5.20000969555556,1,a2,1,1
1379,5.21667637055556,1,a2,1,1
1380,5.233343065,1,a2,1,1
1381,5.25000947611111,1,a2,1,1
1382,5.26667635111111,1,a2,1,1
1383,5.28334305111111,1,a2,1,1
1384,5.30000976777778,1,a2,1,1
1385,5.31667611777778,1,a2,1,1
1386,5.33334279555556,1,a2,1,1
1387,5.35000964833333,1,a2,1,1
1388,5.36667635111111,1,a2,1,1
1389,5.38334303444445,1,a2,1,1
1390,5.40000967888889,1,a2,1,1
1391,5.41667639277778,1,a2,1,1
1392,5.43334310944445,1,a2,1,1
1393,5.450009715,1,a2,1,1
1394,5.46667639,1,a2,1,1
1395,5.48334305388889,1,a2,1,1
1396,5.50000945944445,1,a2,1,1
1397,5.51667612888889,1,a2,1,1
1398,5.53334282333333,1,a2,1,1
1399,5.55000947611111,1,a2,1,1
1400,5.566676165,1,a2,1,1
1401,5.58334284,1,a2,1,1
1402,5.60000950944444,1,a2,1,1
1403,5.61667619277778,1,a2,1,1
1404,5.63334285666667,1,a2,1,1
1405,5.65000954,1,a2,1,1
1406,5.66667623444444,1,a2,1,1
1407,5.68334289,1,a2,1,1
1408,5.700009565,1,a2,1,1
1409,5.71667622888889,1,a2,1,1
1410,5.73334289277778,1,a2,1,1
1411,5.75000955666667,1,a2,1,1
1412,5.76667627333333,1,a2,1,1
1413,5.78334290666667,1,a2,1,1
1414,5.80000958166667,1,a2,1,1
1415,5.81667624555556,1,a2,1,1
1416,5.83334289277778,1,a2,1,1
1417,5.85000958444444,1,a2,1,1
1418,5.86667623166667,1,a2,1,1
1419,5.88334290111111,1,a2,1,1
1420,5.90000956222222,1,a2,1,1
1421,5.91667626777778,1,a2,1,1
1422,5.93334290111111,1,a2,1,1
1423,5.95000956222222,1,a2,1,1
1424,5.96667621777778,1,a2,1,1
1425,5.98334288722222,1,a2,1,1
1426,6.00000982333333,1,a2,1,1
1427,6.01667650111111,1,a2,1,1
1428,6.03334316777778,1,a2,1,1
1429,6.05000983166667,1,a2,1,1
1430,6.06667648166667,1,a2,1,1
1431,6.083343165,1,a2,1,1
1432,6.10000982333333,1,a2,1,1
1433,6.11667650388889,1,a2,1,1
1434,6.13334315388889,1,a2,1,1
1435,6.15000983166667,1,a2,1,1
1436,6.16667650111111,1,a2,1,1
1437,6.18334314,1,a2,1,1
1438,6.20000985111111,1,a2,1,1
1439,6.21667649277778,1,a2,1,1
1440,6.23334314277778,1,a2,1,1
1441,6.25000981222222,1,a2,1,1
1442,6.26667647888889,1,a2,1,1
1443,6.28334311222222,1,a2,1,1
1444,6.30000982333333,1,a2,1,1
1445,6.31667648722222,1,a2,1,1
1446,6.33334314,1,a2,1,1
1447,6.35000978722222,1,a2,1,1
1448,6.36667644,1,a2,1,1
1449,6.38334341222222,1,a2,1,1
1450,6.40001008166667,1,a2,1,1
1451,6.41667678444444,1,a2,1,1
1452,6.43334340666667,1,a2,1,1
1453,6.45001005666667,1,a2,1,1
1454,6.46667700111111,1,a2,1,1
1455,6.483343665,1,a2,1,1
1456,6.50001061777778,1,a2,1,1
1457,6.51667729833333,1,a2,1,1
1458,6.53334398444444,1,a2,1,1
1459,6.55001060111111,1,a2,1,1
1460,6.56667727888889,1,a2,1,1
1461,6.58334393722222,1,a2,1,1
1462,6.60001060666667,1,a2,1,1
1463,6.61667727888889,1,a2,1,1
1464,6.63334394277778,1,a2,1,1
1465,6.65001062055556,1,a2,1,1
1466,6.66667752611111,1,a2,1,1
1467,6.68334420388889,1,a2,1,1
1468,6.70001087611111,1,a2,1,1
1469,6.71667755111111,1,a2,1,1
1470,6.73334419555556,1,a2,1,1
1471,6.75001084555556,1,a2,1,1
1472,6.76667752333333,1,a2,1,1
1473,6.78334419277778,1,a2,1,1
1474,6.80001085111111,1,a2,1,1
1475,6.816677515,1,a2,1,1
1476,6.83334445388889,1,a2,1,1
1477,6.85001111222222,1,a2,1,1
1478,6.86667777055555,1,a2,1,1
1479,6.88334444833333,1,a2,1,1
1480,6.90001111777778,1,a2,1,1
1481,6.91667777611111,1,a2,1,1
1482,6.93334445666667,1,a2,1,1
1483,6.95001110944444,1,a2,1,1
1484,6.966677765,1,a2,1,1
1485,6.98334453444444,1,a2,1,1
1486,7.00001110944444,1,a2,1,1
1487,7.01667775666666,1,a2,1,1
1488,7.03334442888889,1,a2,1,1
1489,7.05001107888889,1,a2,1,1
1490,7.06667775666667,1,a2,1,1
1491,7.08334442888889,1,a2,1,1
1492,7.10001108444444,1,a2,1,1
1493,7.11667774833333,1,a2,1,1
1494,7.13334442333333,1,a2,1,1
1495,7.15001109277778,1,a2,1,1
1496,7.16667773722222,1,a2,1,1
1497,7.18334439555556,1,a2,1,1
1498,7.20001135111111,1,a2,1,1
1499,7.21667802333333,1,a2,1,1
1500,7.23334469,1,a2,1,1
1501,7.25001136222222,1,a2,1,1
1502,7.26667806222222,1,a2,1,1
1503,7.28334468444444,1,a2,1,1
1504,7.30001138166667,1,a2,1,1
1505,7.31667800666667,1,a2,1,1
1506,7.33334467333333,1,a2,1,1
1507,7.35001134,1,a2,1,1
1508,7.36667800111111,1,a2,1,1
1509,7.38334467055556,1,a2,1,1
1510,7.40001132888889,1,a2,1,1
1511,7.41667798444444,1,a2,1,1
1512,7.43334465944444,1,a2,1,1
1513,7.45001131777778,1,a2,1,1
1514,7.46667798722222,1,a2,1,1
1515,7.48334492888889,1,a2,1,1
1516,7.50001159833333,1,a2,1,1
1517,7.51667825666667,1,a2,1,1
1518,7.53334491777778,1,a2,1,1
1519,7.550011865,1,a2,1,1
1520,7.56667852888889,1,a2,1,1
1521,7.58334520111111,1,a2,1,1
1522,7.60001186222222,1,a2,1,1
1523,7.61667852888889,1,a2,1,1
1524,7.63334518722222,1,a2,1,1
1525,7.65001185944444,1,a2,1,1
1526,7.66667851777778,1,a2,1,1
1527,7.68334517055555,1,a2,1,1
1528,7.70001186222222,1,a2,1,1
1529,7.71667850388889,1,a2,1,1
1530,7.73334519,1,a2,1,1
1531,7.75001183444444,1,a2,1,1
1532,7.766678515,1,a2,1,1
1533,7.78334517333333,1,a2,1,1
1534,7.80001184277778,1,a2,1,1
1535,7.81667849833333,1,a2,1,1
1536,7.83334517611111,1,a2,1,1
1537,7.85001181777778,1,a2,1,1
1538,7.86667849277778,1,a2,1,1
1539,7.88334540666667,1,a2,1,1
1540,7.90001209833333,1,a2,1,1
1541,7.91667904833333,1,a2,1,1
1542,7.93334570666667,1,a2,1,1
1543,7.95001237055556,1,a2,1,1
1544,7.96667903722222,1,a2,1,1
1545,7.98334570111111,1,a2,1,1
1546,8.00001263722222,1,a2,1,1
1547,8.01667929555556,1,a2,1,1
1548,8.03334597333333,1,a2,1,1
1549,8.05001263722222,1,a2,1,1
1550,8.06667929833333,1,a2,1,1
1551,8.08334597333333,1,a2,1,1
1552,8.10001263166667,1,a2,1,1
1553,8.11667929,1,a2,1,1
1554,8.13334595111111,1,a2,1,1
1555,8.15001262333333,1,a2,1,1
1556,8.16667929277778,1,a2,1,1
1557,8.18334595111111,1,a2,1,1
1558,8.20001262888889,1,a2,1,1
1559,8.21667928722222,1,a2,1,1
1560,8.23334593444444,1,a2,1,1
1561,8.25001260666667,1,a2,1,1
1562,8.266679265,1,a2,1,1
1563,8.28334592888889,1,a2,1,1
1564,8.30001260111111,1,a2,1,1
1565,8.31667926777778,1,a2,1,1
1566,8.33334594833333,1,a2,1,1
1567,8.350012565,1,a2,1,1
1568,8.36667927055556,1,a2,1,1
1569,8.38334592055555,1,a2,1,1
1570,8.40001259277778,1,a2,1,1
1571,8.41667925944444,1,a2,1,1
1572,8.43334591222222,1,a2,1,1
1573,8.45001257888889,1,a2,1,1
1574,8.46667925111111,1,a2,1,1
1575,8.48334590944444,1,a2,1,1
1576,8.50001257611111,1,a2,1,1
1577,8.51667924277778,1,a2,1,1
1578,8.53334590666667,1,a2,1,1
1579,8.55001285944445,1,a2,1,1
1580,8.566679515,1,a2,1,1
1581,8.58334617611111,1,a2,1,1
1582,8.60001284555555,1,a2,1,1
1583,8.61667950388889,1,a2,1,1
1584,8.63334618722222,1,a2,1,1
1585,8.650012865,1,a2,1,1
1586,8.66667954277778,1,a2,1,1
1587,8.68334617055556,1,a2,1,1
1588,8.70001282611111,1,a2,1,1
1589,8.71667950111111,1,a2,1,1
1590,8.73334614,1,a2,1,1
1591,8.75001280666667,1,a2,1,1
1592,8.76667946777778,1,a2,1,1
1593,8.78334615666667,1,a2,1,1
1594,8.80001282055555,1,a2,1,1
1595,8.81667947888889,1,a2,1,1
1596,8.83334614833333,1,a2,1,1
1597,8.85001309833333,1,a2,1,1
1598,8.86667975666667,1,a2,1,1
1599,8.88334643166667,1,a2,1,1
1600,8.90001309,1,a2,1,1
1601,8.91667974277778,1,a2,1,1
1602,8.933346415,1,a2,1,1
1603,8.95001362611111,1,a2,1,1
1604,8.966680565,1,a2,1,1
1605,8.98334750944444,1,a2,1,1
1606,9.00001444,1,a2,1,1
1607,9.01668139277778,1,a2,1,1
1608,9.03334834,1,a2,1,1
1609,9.05001500666667,1,a2,1,1
1610,9.06668194833333,1,a2,1,1
1611,9.08334888722222,1,a2,1,1
1612,9.10001555388889,1,a2,1,1
1613,9.11668221777778,1,a2,1,1
1614,9.13334889833333,1,a2,1,1
1615,9.15001553722222,1,a2,1,1
1616,9.16668221222222,1,a2,1,1
1617,9.18334887333333,1,a2,1,1
1618,9.20001552888889,1,a2,1,1
1619,9.21668221222222,1,a2,1,1
1620,9.23334885666667,1,a2,1,1
1621,9.25001553722222,1,a2,1,1
1622,9.26668219555556,1,a2,1,1
1623,9.28334885111111,1,a2,1,1
1624,9.300015515,1,a2,1,1
1625,9.31668219833333,1,a2,1,1
1626,9.33334885388889,1,a2,1,1
1627,9.350015515,1,a2,1,1
1628,9.36668219,1,a2,1,1
1629,9.38334884833333,1,a2,1,1
1630,9.40001550388889,1,a2,1,1
1631,9.41668217611111,1,a2,1,1
1632,9.43334884277778,1,a2,1,1
1633,9.45001550944444,1,a2,1,1
1634,9.46668217055556,1,a2,1,1
1635,9.48334882611111,1,a2,1,1
1636,9.50001549555556,1,a2,1,1
1637,9.51668217888889,1,a2,1,1
1638,9.53334882055556,1,a2,1,1
1639,9.55001548722222,1,a2,1,1
1640,9.56668215111111,1,a2,1,1
1641,9.58334882888889,1,a2,1,1
1642,9.60001548722222,1,a2,1,1
1643,9.61668215111111,1,a2,1,1
1644,9.63334882888889,1,a2,1,1
1645,9.65001547888889,1,a2,1,1
1646,9.66668215111111,1,a2,1,1
1647,9.68334882055556,1,a2,1,1
1648,9.700015465,1,a2,1,1
1649,9.71668215111111,1,a2,1,1
1650,9.73334879833333,1,a2,1,1
1651,9.75001548166667,1,a2,1,1
1652,9.76668212333333,1,a2,1,1
1653,9.78334879833333,1,a2,1,1
1654,9.80001545388889,1,a2,1,1
1655,9.81668212055556,1,a2,1,1
1656,9.83334878166667,1,a2,1,1
1657,9.85001546222222,1,a2,1,1
1658,9.86668211777778,1,a2,1,1
1659,9.88334877611111,1,a2,1,1
1660,9.90001542333333,1,a2,1,1
1661,9.91668210666667,1,a2,1,1
1662,9.93334878166667,1,a2,1,1
1663,9.95001544277778,1,a2,1,1
1664,9.96668210944444,1,a2,1,1
1665,9.98334877611111,1,a2,1,1
1666,10.0000154261111,1,a2,1,1
1667,10.0166820816667,1,a2,1,1
1668,10.0333487594444,1,a2,1,1
1669,10.0500154177778,1,a2,1,1
1670,10.0666820955556,1,a2,1,1
1671,10.0833487511111,1,a2,1,1
1672,10.1000154094444,1,a2,1,1
1673,10.1166820872222,1,a2,1,1
1674,10.1333487511111,1,a2,1,1
1675,10.1500154122222,1,a2,1,1
1676,10.1666820872222,1,a2,1,1
1677,10.1833487372222,1,a2,1,1
1678,10.2000156955556,1,a2,1,1
1679,10.2166825455556,1,a2,1,1
1680,10.2333492955556,1,a2,1,1
1681,10.2500159538889,1,a2,1,1
1682,10.266682615,1,a2,1,1
1683,10.2833492844444,1,a2,1,1
1684,10.3000159427778,1,a2,1,1
1685,10.316682615,1,a2,1,1
1686,10.3333492844444,1,a2,1,1
1687,10.3500159427778,1,a2,1,1
1688,10.3666826122222,1,a2,1,1
1689,10.383349265,1,a2,1,1
1690,10.40001594,1,a2,1,1
1691,10.4166825927778,1,a2,1,1
1692,10.4333492677778,1,a2,1,1
1693,10.4500159316667,1,a2,1,1
1694,10.46668259,1,a2,1,1
1695,10.4833492594444,1,a2,1,1
1696,10.5000159011111,1,a2,1,1
1697,10.51668259,1,a2,1,1
1698,10.5333495344444,1,a2,1,1
1699,10.5500161927778,1,a2,1,1
1700,10.5666828511111,1,a2,1,1
1701,10.5833495205556,1,a2,1,1
1702,10.6000161816667,1,a2,1,1
1703,10.6166828538889,1,a2,1,1
1704,10.6333495205556,1,a2,1,1
1705,10.6500161761111,1,a2,1,1
1706,10.6666828483333,1,a2,1,1
1707,10.6833496705556,1,a2,1,1
1708,10.70001634,1,a2,1,1
1709,10.7166829094444,1,a2,1,1
1710,10.7333495816667,1,a2,1,1
1711,10.7500162483333,1,a2,1,1
1712,10.766682915,1,a2,1,1
1713,10.7833495761111,1,a2,1,1
1714,10.80001624,1,a2,1,1
1715,10.8166829094444,1,a2,1,1
1716,10.833349565,1,a2,1,1
1717,10.8500162205556,1,a2,1,1
1718,10.86668289,1,a2,1,1
1719,10.8833498372222,1,a2,1,1
1720,10.9000164983333,1,a2,1,1
1721,10.9166831733333,1,a2,1,1
1722,10.9333498066667,1,a2,1,1
1723,10.9500164983333,1,a2,1,1
1724,10.9666831538889,1,a2,1,1
1725,10.9833498205556,1,a2,1,1
1726,11.0000164955556,1,a2,1,1
1727,11.0166831538889,1,a2,1,1
1728,11.0333498233333,1,a2,1,1
1729,11.0500164844444,1,a2,1,1
1730,11.06668314,1,a2,1,1
1731,11.0833498288889,1,a2,1,1
1732,11.1000164705556,1,a2,1,1
1733,11.1166831372222,1,a2,1,1
1734,11.1333498038889,1,a2,1,1
1735,11.1500164622222,1,a2,1,1
1736,11.1666831372222,1,a2,1,1
1737,11.1833497927778,1,a2,1,1
1738,11.200016465,1,a2,1,1
1739,11.2166831233333,1,a2,1,1
1740,11.2333499538889,1,a2,1,1
1741,11.2500166288889,1,a2,1,1
1742,11.2666832594444,1,a2,1,1
1743,11.2833499538889,1,a2,1,1
1744,11.3000169261111,1,a2,1,1
1745,11.3166835622222,1,a2,1,1
1746,11.3333502233333,1,a2,1,1
1747,11.3500168844444,1,a2,1,1
1748,11.3666838316667,1,a2,1,1
1749,11.3833504844444,1,a2,1,1
1750,11.4000174372222,1,a2,1,1
1751,11.4166840955556,1,a2,1,1
1752,11.4333507622222,1,a2,1,1
1753,11.4500174344444,1,a2,1,1
1754,11.4666840955556,1,a2,1,1
1755,11.4833507622222,1,a2,1,1
1756,11.5000174288889,1,a2,1,1
1757,11.5166840927778,1,a2,1,1
1758,11.533350765,1,a2,1,1
1759,11.5500173927778,1,a2,1,1
1760,11.5666840761111,1,a2,1,1
1761,11.58335074,1,a2,1,1
1762,11.600017415,1,a2,1,1
1763,11.6166840455556,1,a2,1,1
1764,11.6333507372222,1,a2,1,1
1765,11.6500174066667,1,a2,1,1
1766,11.666684065,1,a2,1,1
1767,11.6833507344444,1,a2,1,1
1768,11.7000176761111,1,a2,1,1
1769,11.7166843455556,1,a2,1,1
1770,11.7333510066667,1,a2,1,1
1771,11.7500175622222,1,a2,1,1
1772,11.7666843316667,1,a2,1,1
1773,11.7833510011111,1,a2,1,1
1774,11.8000176622222,1,a2,1,1
1775,11.8166843261111,1,a2,1,1
1776,11.8333509788889,1,a2,1,1
1777,11.8500176622222,1,a2,1,1
1778,11.8666843205556,1,a2,1,1
1779,11.8833509844444,1,a2,1,1
1780,11.9000176538889,1,a2,1,1
1781,11.9166843233333,1,a2,1,1
1782,11.9333509761111,1,a2,1,1
1783,11.9500176483333,1,a2,1,1
1784,11.9666843122222,1,a2,1,1
1785,11.9833509761111,1,a2,1,1
1786,12.0000176177778,1,a2,1,1
1787,12.0166843066667,1,a2,1,1
1788,12.0333509566667,1,a2,1,1
1789,12.05001764,1,a2,1,1
1790,12.0666842983333,1,a2,1,1
1791,12.0833509594444,1,a2,1,1
1792,12.100017615,1,a2,1,1
1793,12.1166842844444,1,a2,1,1
1794,12.1333509427778,1,a2,1,1
1795,12.1500176316667,1,a2,1,1
1796,12.1666842816667,1,a2,1,1
1797,12.1833509455556,1,a2,1,1
1798,12.2000176122222,1,a2,1,1
1799,12.2166842761111,1,a2,1,1
1800,12.2333509483333,1,a2,1,1
1801,12.2500176205556,1,a2,1,1
1802,12.26668429,1,a2,1,1
1803,12.28335094,1,a2,1,1
1804,12.3000175927778,1,a2,1,1
1805,12.3166842594444,1,a2,1,1
1806,12.3333509261111,1,a2,1,1
1807,12.3500176038889,1,a2,1,1
1808,12.3666842566667,1,a2,1,1
1809,12.3833509372222,1,a2,1,1
1810,12.4000175816667,1,a2,1,1
1811,12.4166842511111,1,a2,1,1
1812,12.4333509455556,1,a2,1,1
1813,12.4500175677778,1,a2,1,1
1814,12.4666842372222,1,a2,1,1
1815,12.4833509011111,1,a2,1,1
1816,12.5000175761111,1,a2,1,1
1817,12.516684515,1,a2,1,1
1818,12.5333511844444,1,a2,1,1
1819,12.5500178427778,1,a2,1,1
1820,12.566684515,1,a2,1,1
1821,12.5833511761111,1,a2,1,1
1822,12.6000178427778,1,a2,1,1
1823,12.6166844983333,1,a2,1,1
1824,12.6333511733333,1,a2,1,1
1825,12.6500178344444,1,a2,1,1
1826,12.6666844983333,1,a2,1,1
1827,12.6833514344444,1,a2,1,1
1828,12.7000180983333,1,a2,1,1
1829,12.7166847594444,1,a2,1,1
1830,12.7333514205556,1,a2,1,1
1831,12.7500180844444,1,a2,1,1
1832,12.7666847483333,1,a2,1,1
1833,12.7833514122222,1,a2,1,1
1834,12.8000180761111,1,a2,1,1
1835,12.8166852983333,1,a2,1,1
1836,12.8333522344444,1,a2,1,1
1837,12.8500191761111,1,a2,1,1
1838,12.8666861288889,1,a2,1,1
1839,12.8833530705556,1,a2,1,1
1840,12.9000197316667,1,a2,1,1
1841,12.91668639,1,a2,1,1
1842,12.9333530677778,1,a2,1,1
1843,12.9500197288889,1,a2,1,1
1844,12.9666863927778,1,a2,1,1
1845,12.9833530316667,1,a2,1,1
1846,13.0000197205556,1,a2,1,1
1847,13.0166863816667,1,a2,1,1
1848,13.0333530511111,1,a2,1,1
1849,13.0500197122222,1,a2,1,1
1850,13.0666863872222,1,a2,1,1
1851,13.0833530372222,1,a2,1,1
1852,13.1000197538889,1,a2,1,1
1853,13.1166863455556,1,a2,1,1
1854,13.13335329,1,a2,1,1
1855,13.1500199483333,1,a2,1,1
1856,13.1666866344444,1,a2,1,1
1857,13.18335329,1,a2,1,1
1858,13.2000199538889,1,a2,1,1
1859,13.2166866038889,1,a2,1,1
1860,13.2333532844444,1,a2,1,1
1861,13.2500199566667,1,a2,1,1
1862,13.2666866261111,1,a2,1,1
1863,13.2833532927778,1,a2,1,1
1864,13.3000199622222,1,a2,1,1
1865,13.3166866233333,1,a2,1,1
1866,13.3333535566667,1,a2,1,1
1867,13.3500202261111,1,a2,1,1
1868,13.36668689,1,a2,1,1
1869,13.383353565,1,a2,1,1
1870,13.4000202261111,1,a2,1,1
1871,13.4166869261111,1,a2,1,1
1872,13.4333535483333,1,a2,1,1
1873,13.4500202122222,1,a2,1,1
1874,13.4666868622222,1,a2,1,1
1875,13.4833535538889,1,a2,1,1
1876,13.5000202066667,1,a2,1,1
1877,13.5166868761111,1,a2,1,1
1878,13.5333535372222,1,a2,1,1
1879,13.5500201955556,1,a2,1,1
1880,13.5666868622222,1,a2,1,1
1881,13.5833535177778,1,a2,1,1
1882,13.6000201788889,1,a2,1,1
1883,13.6166868566667,1,a2,1,1
1884,13.6333537816667,1,a2,1,1
1885,13.6500204761111,1,a2,1,1
1886,13.6666871122222,1,a2,1,1
1887,13.6833537955556,1,a2,1,1
1888,13.700020465,1,a2,1,1
1889,13.7166871261111,1,a2,1,1
1890,13.7333537955556,1,a2,1,1
1891,13.7500204455556,1,a2,1,1
1892,13.7666871233333,1,a2,1,1
1893,13.7833537788889,1,a2,1,1
1894,13.8000204566667,1,a2,1,1
1895,13.8166871066667,1,a2,1,1
1896,13.8333537816667,1,a2,1,1
1897,13.8500204233333,1,a2,1,1
1898,13.866687115,1,a2,1,1
1899,13.8833537677778,1,a2,1,1
1900,13.9000204316667,1,a2,1,1
1901,13.9166870844444,1,a2,1,1
1902,13.9333537594444,1,a2,1,1
1903,13.9500204288889,1,a2,1,1
1904,13.9666870872222,1,a2,1,1
1905,13.9833537622222,1,a2,1,1
1906,14.0000203261111,1,a2,1,1
1907,14.0166870566667,1,a2,1,1
1908,14.0333537566667,1,a2,1,1
1909,14.0500204122222,1,a2,1,1
1910,14.0666871066667,1,a2,1,1
1911,14.08335374,1,a2,1,1
1912,14.1000204011111,1,a2,1,1
1913,14.1166870677778,1,a2,1,1
1914,14.1333537344444,1,a2,1,1
1915,14.1500203872222,1,a2,1,1
1916,14.1666870705556,1,a2,1,1
1917,14.1833537066667,1,a2,1,1
1918,14.2000203983333,1,a2,1,1
1919,14.2166870622222,1,a2,1,1
1920,14.2333537205556,1,a2,1,1
1921,14.2500203677778,1,a2,1,1
1922,14.2666870566667,1,a2,1,1
1923,14.2833537177778,1,a2,1,1
1924,14.3000203816667,1,a2,1,1
1925,14.3166870455556,1,a2,1,1
1926,14.3333537011111,1,a2,1,1
1927,14.3500203733333,1,a2,1,1
1928,14.3666870455556,1,a2,1,1
1929,14.3833537038889,1,a2,1,1
1930,14.4000203816667,1,a2,1,1
1931,14.4166870344444,1,a2,1,1
1932,14.4333537011111,1,a2,1,1
1933,14.4500203594444,1,a2,1,1
1934,14.4666870233333,1,a2,1,1
1935,14.4833536761111,1,a2,1,1
1936,14.5000203511111,1,a2,1,1
1937,14.5166870511111,1,a2,1,1
1938,14.5333536816667,1,a2,1,1
1939,14.5500203483333,1,a2,1,1
1940,14.566687015,1,a2,1,1
1941,14.5833536761111,1,a2,1,1
1942,14.6000203233333,1,a2,1,1
1943,14.616687015,1,a2,1,1
1944,14.6333536761111,1,a2,1,1
1945,14.6500203233333,1,a2,1,1
1946,14.66668699,1,a2,1,1
1947,14.683353665,1,a2,1,1
1948,14.700020315,1,a2,1,1
1949,14.7166869955556,1,a2,1,1
1950,14.7333536511111,1,a2,1,1
1951,14.7500203122222,1,a2,1,1
1952,14.7666870011111,1,a2,1,1
1953,14.7833536455556,1,a2,1,1
1954,14.8000203066667,1,a2,1,1
1955,14.8166869733333,1,a2,1,1
1956,14.83335364,1,a2,1,1
1957,14.8500203038889,1,a2,1,1
1958,14.8666869844444,1,a2,1,1
1959,14.8833536261111,1,a2,1,1
1960,14.9000203011111,1,a2,1,1
1961,14.91668724,1,a2,1,1
1962,14.9333539122222,1,a2,1,1
1963,14.9500211038889,1,a2,1,1
1964,14.9666880816667,1,a2,1,1
1965,14.9833550177778,1,a2,1,1
1966,15.0000216872222,1,a2,1,1
1967,15.0166886927778,1,a2,1,1
1968,15.03335529,1,a2,1,1
1969,15.0500219427778,1,a2,1,1
1970,15.0666886094444,1,a2,1,1
1971,15.0833552872222,1,a2,1,1
1972,15.1000219538889,1,a2,1,1
1973,15.1166886038889,1,a2,1,1
1974,15.1333553038889,1,a2,1,1
1975,15.1500219288889,1,a2,1,1
1976,15.1666886038889,1,a2,1,1
1977,15.1833552705556,1,a2,1,1
1978,15.2000219316667,1,a2,1,1
1979,15.2166885927778,1,a2,1,1
1980,15.2333551761111,1,a2,1,1
1981,15.2500218538889,1,a2,1,1
1982,15.2666885316667,1,a2,1,1
1983,15.2833551983333,1,a2,1,1
1984,15.3000218594444,1,a2,1,1
1985,15.3166885066667,1,a2,1,1
1986,15.3333551788889,1,a2,1,1
1987,15.3500218511111,1,a2,1,1
1988,15.3666884955556,1,a2,1,1
1989,15.3833551677778,1,a2,1,1
1990,15.4000218372222,1,a2,1,1
1991,15.4166885122222,1,a2,1,1
1992,15.4333551733333,1,a2,1,1
1993,15.45002194,1,a2,1,1
1994,15.4666886011111,1,a2,1,1
1995,15.4833552677778,1,a2,1,1
1996,15.5000219344444,1,a2,1,1
1997,15.5166885872222,1,a2,1,1
1998,15.5333552566667,1,a2,1,1
1999,15.5500219205556,1,a2,1,1
2000,15.566688565,1,a2,1,1
2001,15.5833552566667,1,a2,1,1
2002,15.600021915,1,a2,1,1
2003,15.6166885844444,1,a2,1,1
2004,15.6333552483333,1,a2,1,1
2005,15.6500219094444,1,a2,1,1
2006,15.6666884233333,1,a2,1,1
2007,15.6833552344444,1,a2,1,1
2008,15.7000219038889,1,a2,1,1
2009,15.7166885677778,1,a2,1,1
2010,15.7333552316667,1,a2,1,1
2011,15.7500218927778,1,a2,1,1
2012,15.7666885622222,1,a2,1,1
2013,15.7833552205556,1,a2,1,1
2014,15.8000218955556,1,a2,1,1
2015,15.8166885511111,1,a2,1,1
2016,15.8333552233333,1,a2,1,1
2017,15.8500221622222,1,a2,1,1
2018,15.8666888288889,1,a2,1,1
2019,15.8833557594444,1,a2,1,1
2020,15.9000224427778,1,a2,1,1
2021,15.9166890927778,1,a2,1,1
2022,15.9333557511111,1,a2,1,1
2023,15.950022415,1,a2,1,1
2024,15.9666890816667,1,a2,1,1
2025,15.9833557538889,1,a2,1,1
2026,16.0000224066667,1,a2,1,1
2027,16.0166890816667,1,a2,1,1
2028,16.0333557344444,1,a2,1,1
2029,16.0500224011111,1,a2,1,1
2030,16.0666890733333,1,a2,1,1
2031,16.08335574,1,a2,1,1
2032,16.1000224038889,1,a2,1,1
2033,16.1166890677778,1,a2,1,1
2034,16.13335574,1,a2,1,1
2035,16.1500223844444,1,a2,1,1
2036,16.1666890622222,1,a2,1,1
2037,16.1833557288889,1,a2,1,1
2038,16.2000223761111,1,a2,1,1
2039,16.2166890261111,1,a2,1,1
2040,16.2333557233333,1,a2,1,1
2041,16.2500223927778,1,a2,1,1
2042,16.2666890483333,1,a2,1,1
2043,16.2833557177778,1,a2,1,1
2044,16.3000223844444,1,a2,1,1
2045,16.3166890344444,1,a2,1,1
2046,16.3333557066667,1,a2,1,1
2047,16.3500223761111,1,a2,1,1
2048,16.3666893094444,1,a2,1,1
2049,16.3833559788889,1,a2,1,1
2050,16.4000226511111,1,a2,1,1
2051,16.4166893066667,1,a2,1,1
2052,16.4333559733333,1,a2,1,1
2053,16.4500226316667,1,a2,1,1
2054,16.4666892983333,1,a2,1,1
2055,16.4833559566667,1,a2,1,1
2056,16.5000226261111,1,a2,1,1
2057,16.5166893011111,1,a2,1,1
2058,16.5333559566667,1,a2,1,1
2059,16.5500226288889,1,a2,1,1
2060,16.5666892983333,1,a2,1,1
2061,16.5833559483333,1,a2,1,1
2062,16.6000226066667,1,a2,1,1
2063,16.6166892733333,1,a2,1,1
2064,16.63335594,1,a2,1,1
2065,16.6500226038889,1,a2,1,1
2066,16.6666892733333,1,a2,1,1
2067,16.6833559427778,1,a2,1,1
2068,16.7000226066667,1,a2,1,1
2069,16.7166892872222,1,a2,1,1
2070,16.7333559511111,1,a2,1,1
2071,16.7500225955556,1,a2,1,1
2072,16.7666892372222,1,a2,1,1
2073,16.7833559177778,1,a2,1,1
2074,16.8000225844444,1,a2,1,1
2075,16.8166892455556,1,a2,1,1
2076,16.8333559205556,1,a2,1,1
2077,16.8500225844444,1,a2,1,1
2078,16.8666892344444,1,a2,1,1
2079,16.8833559094444,1,a2,1,1
2080,16.9000225677778,1,a2,1,1
2081,16.9166892344444,1,a2,1,1
2082,16.9333559066667,1,a2,1,1
2083,16.950022565,1,a2,1,1
2084,16.9666892455556,1,a2,1,1
2085,16.9833559011111,1,a2,1,1
2086,17.0000225622222,1,a2,1,1
2087,17.0166892288889,1,a2,1,1
2088,17.0333558955556,1,a2,1,1
2089,17.05002254,1,a2,1,1
2090,17.0666892288889,1,a2,1,1
2091,17.083355915,1,a2,1,1
2092,17.1000225233333,1,a2,1,1
2093,17.1166892094444,1,a2,1,1
2094,17.1333558816667,1,a2,1,1
2095,17.1500225566667,1,a2,1,1
2096,17.1666892344444,1,a2,1,1
2097,17.1833558733333,1,a2,1,1
2098,17.2000225344444,1,a2,1,1
2099,17.2166891955556,1,a2,1,1
2100,17.233355865,1,a2,1,1
2101,17.2500228177778,1,a2,1,1
2102,17.2666894705556,1,a2,1,1
2103,17.2833564094444,1,a2,1,1
2104,17.3000230927778,1,a2,1,1
2105,17.3166900233333,1,a2,1,1
2106,17.3333569677778,1,a2,1,1
2107,17.3500239038889,1,a2,1,1
2108,17.3666905761111,1,a2,1,1
2109,17.3833572427778,1,a2,1,1
2110,17.4000241761111,1,a2,1,1
2111,17.4166908455556,1,a2,1,1
2112,17.4333575205556,1,a2,1,1
2113,17.450024165,1,a2,1,1
2114,17.4666908288889,1,a2,1,1
2115,17.4833574983333,1,a2,1,1
2116,17.5000241816667,1,a2,1,1
2117,17.5166908455556,1,a2,1,1
2118,17.5333574844444,1,a2,1,1
2119,17.5500241705556,1,a2,1,1
2120,17.5666908344444,1,a2,1,1
2121,17.5833575066667,1,a2,1,1
2122,17.6000241483333,1,a2,1,1
2123,17.616690815,1,a2,1,1
2124,17.6333574788889,1,a2,1,1
2125,17.6500244177778,1,a2,1,1
2126,17.6666910872222,1,a2,1,1
2127,17.6833577538889,1,a2,1,1
2128,17.7000244205556,1,a2,1,1
2129,17.7166910872222,1,a2,1,1
2130,17.7333577511111,1,a2,1,1
2131,17.7500244094444,1,a2,1,1
2132,17.7666910705556,1,a2,1,1
2133,17.7833577372222,1,a2,1,1
2134,17.8000243955556,1,a2,1,1
2135,17.8166913427778,1,a2,1,1
2136,17.83335804,1,a2,1,1
2137,17.8500246594444,1,a2,1,1
2138,17.8666913316667,1,a2,1,1
2139,17.88335799,1,a2,1,1
2140,17.9000246622222,1,a2,1,1
2141,17.9166913316667,1,a2,1,1
2142,17.93335799,1,a2,1,1
2143,17.9500246927778,1,a2,1,1
2144,17.9666913205556,1,a2,1,1
2145,17.9833580038889,1,a2,1,1
2146,18.0000246455556,1,a2,1,1
2147,18.0166913233333,1,a2,1,1
2148,18.0333579927778,1,a2,1,1
2149,18.0500246483333,1,a2,1,1
2150,18.0666913066667,1,a2,1,1
2151,18.0833579927778,1,a2,1,1
2152,18.1000246288889,1,a2,1,1
2153,18.1166913122222,1,a2,1,1
2154,18.1333579427778,1,a2,1,1
2155,18.1500246594444,1,a2,1,1
2156,18.1666913066667,1,a2,1,1
2157,18.1833579622222,1,a2,1,1
2158,18.2000246288889,1,a2,1,1
2159,18.2166913122222,1,a2,1,1
2160,18.2333579566667,1,a2,1,1
2161,18.2500246205556,1,a2,1,1
2162,18.2666912816667,1,a2,1,1
2163,18.28335794,1,a2,1,1
2164,18.300024615,1,a2,1,1
2165,18.3166912788889,1,a2,1,1
2166,18.3333582233333,1,a2,1,1
2167,18.3500249011111,1,a2,1,1
2168,18.3666918288889,1,a2,1,1
2169,18.3833584872222,1,a2,1,1
2170,18.4000251705556,1,a2,1,1
2171,18.416691815,1,a2,1,1
2172,18.433358765,1,a2,1,1
2173,18.4500254261111,1,a2,1,1
2174,18.4666923538889,1,a2,1,1
2175,18.4833590316667,1,a2,1,1
2176,18.5000257177778,1,a2,1,1
2177,18.5166923761111,1,a2,1,1
2178,18.5333590177778,1,a2,1,1
2179,18.55002569,1,a2,1,1
2180,18.5666923566667,1,a2,1,1
2181,18.5833590205556,1,a2,1,1
2182,18.6000256844444,1,a2,1,1
2183,18.6166923372222,1,a2,1,1
2184,18.6333590261111,1,a2,1,1
2185,18.6500256538889,1,a2,1,1
2186,18.6666923427778,1,a2,1,1
2187,18.6833590094444,1,a2,1,1
2188,18.7000256705556,1,a2,1,1
2189,18.7166923427778,1,a2,1,1
2190,18.7333590038889,1,a2,1,1
2191,18.7500256677778,1,a2,1,1
2192,18.7666923288889,1,a2,1,1
2193,18.7833589927778,1,a2,1,1
2194,18.8000256483333,1,a2,1,1
2195,18.8166923205556,1,a2,1,1
2196,18.8333590038889,1,a2,1,1
2197,18.8500256483333,1,a2,1,1
2198,18.8666923261111,1,a2,1,1
2199,18.8833589816667,1,a2,1,1
2200,18.9000256622222,1,a2,1,1
2201,18.9166923122222,1,a2,1,1
2202,18.933358965,1,a2,1,1
2203,18.9500256788889,1,a2,1,1
2204,18.9666923094444,1,a2,1,1
2205,18.9833589622222,1,a2,1,1
2206,19.0000256177778,1,a2,1,1
2207,19.0166922983333,1,a2,1,1
2208,19.0333589622222,1,a2,1,1
2209,19.0500256261111,1,a2,1,1
2210,19.0666922872222,1,a2,1,1
2211,19.0833589566667,1,a2,1,1
2212,19.100025615,1,a2,1,1
2213,19.1166922927778,1,a2,1,1
2214,19.1333589622222,1,a2,1,1
2215,19.1500256011111,1,a2,1,1
2216,19.1666922844444,1,a2,1,1
2217,19.1833589511111,1,a2,1,1
2218,19.2000256038889,1,a2,1,1
2219,19.216692265,1,a2,1,1
2220,19.2333589483333,1,a2,1,1
2221,19.2500256177778,1,a2,1,1
2222,19.2666922677778,1,a2,1,1
2223,19.2833589316667,1,a2,1,1
2224,19.3000256038889,1,a2,1,1
2225,19.316692265,1,a2,1,1
2226,19.333358915,1,a2,1,1
2227,19.3500255844444,1,a2,1,1
2228,19.3666922511111,1,a2,1,1
2229,19.3833589122222,1,a2,1,1
2230,19.4000255872222,1,a2,1,1
2231,19.41669224,1,a2,1,1
2232,19.4333589233333,1,a2,1,1
2233,19.4500261288889,1,a2,1,1
2234,19.4666927955556,1,a2,1,1
2235,19.4833594594444,1,a2,1,1
2236,19.5000264066667,1,a2,1,1
2237,19.5166930677778,1,a2,1,1
2238,19.5333597261111,1,a2,1,1
2239,19.5500263983333,1,a2,1,1
2240,19.566693065,1,a2,1,1
2241,19.5833597233333,1,a2,1,1
2242,19.60002639,1,a2,1,1
2243,19.6166930511111,1,a2,1,1
2244,19.6333600011111,1,a2,1,1
2245,19.6500266594444,1,a2,1,1
2246,19.6666933038889,1,a2,1,1
2247,19.6833599788889,1,a2,1,1
2248,19.70002664,1,a2,1,1
2249,19.7166933261111,1,a2,1,1
2250,19.7333599844444,1,a2,1,1
2251,19.7500266316667,1,a2,1,1
2252,19.7666933122222,1,a2,1,1
2253,19.7833599705556,1,a2,1,1
2254,19.80002664,1,a2,1,1
2255,19.8166933066667,1,a2,1,1
2256,19.8333602288889,1,a2,1,1
2257,19.8500269122222,1,a2,1,1
2258,19.866693565,1,a2,1,1
2259,19.8833602372222,1,a2,1,1
2260,19.9000269316667,1,a2,1,1
2261,19.9166936816667,1,a2,1,1
2262,19.9333602288889,1,a2,1,1
2263,19.9500269011111,1,a2,1,1
2264,19.9666935594444,1,a2,1,1
2265,19.9833602233333,1,a2,1,1
2266,1.11667048252778,2,a2,1,1
2267,1.13333718419444,2,a2,1,1
2268,1.15000397475,2,a2,1,1
2269,1.16667056891667,2,a2,1,1
2270,1.18333741586111,2,a2,1,1
2271,1.20000393863889,2,a2,1,1
2272,1.21667055197222,2,a2,1,1
2273,1.23333766030556,2,a2,1,1
2274,1.25000425336111,2,a2,1,1
2275,1.26667077030556,2,a2,1,1
2276,1.28333763252778,2,a2,1,1
2277,1.30000420697222,2,a2,1,1
2278,1.31667095808333,2,a2,1,1
2279,1.33333763280556,2,a2,1,1
2280,1.35000421641667,2,a2,1,1
2281,1.36667082697222,2,a2,1,1
2282,1.38333740919444,2,a2,1,1
2283,1.40000425530556,2,a2,1,1
2284,1.41667082058333,2,a2,1,1
2285,1.43333755141667,2,a2,1,1
2286,1.45000422030556,2,a2,1,1
2287,1.46667091058333,2,a2,1,1
2288,1.48333746252778,2,a2,1,1
2289,1.50000435836111,2,a2,1,1
2290,1.51667106558333,2,a2,1,1
2291,1.53333780613889,2,a2,1,1
2292,1.55000445363889,2,a2,1,1
2293,1.56667121336111,2,a2,1,1
2294,1.58333780558333,2,a2,1,1
2295,1.60000447197222,2,a2,1,1
2296,1.61667100336111,2,a2,1,1
2297,1.63333770419444,2,a2,1,1
2298,1.65000458669444,2,a2,1,1
2299,1.66667121336111,2,a2,1,1
2300,1.68333792391667,2,a2,1,1
2301,1.70000464752778,2,a2,1,1
2302,1.71667133002778,2,a2,1,1
2303,1.73333843225,2,a2,1,1
2304,1.75000529280556,2,a2,1,1
2305,1.76667223558333,2,a2,1,1
2306,1.78333930447222,2,a2,1,1
2307,1.80000622447222,2,a2,1,1
2308,1.81667279280556,2,a2,1,1
2309,1.83333956002778,2,a2,1,1
2310,1.85000640725,2,a2,1,1
2311,1.86667301808333,2,a2,1,1
2312,1.88333963752778,2,a2,1,1
2313,1.90000646836111,2,a2,1,1
2314,1.91667313502778,2,a2,1,1
2315,1.93333989697222,2,a2,1,1
2316,1.95000679725,2,a2,1,1
2317,1.96667359225,2,a2,1,1
2318,1.98334026586111,2,a2,1,1
2319,2.00000735558333,2,a2,1,1
2320,2.01667384113889,2,a2,1,1
2321,2.03334072780556,2,a2,1,1
2322,2.05000726947222,2,a2,1,1
2323,2.06667402558333,2,a2,1,1
2324,2.08334068447222,2,a2,1,1
2325,2.10000752836111,2,a2,1,1
2326,2.11667419975,2,a2,1,1
2327,2.13334074086111,2,a2,1,1
2328,2.15000784669444,2,a2,1,1
2329,2.16667435113889,2,a2,1,1
2330,2.18334126086111,2,a2,1,1
2331,2.20000776002778,2,a2,1,1
2332,2.21667438863889,2,a2,1,1
2333,2.23334112975,2,a2,1,1
2334,2.25000823363889,2,a2,1,1
2335,2.26667498197222,2,a2,1,1
2336,2.28334176919444,2,a2,1,1
2337,2.30000830725,2,a2,1,1
2338,2.31667543641667,2,a2,1,1
2339,2.33334229197222,2,a2,1,1
2340,2.35000880252778,2,a2,1,1
2341,2.36667570252778,2,a2,1,1
2342,2.38334236502778,2,a2,1,1
2343,2.40000892669444,2,a2,1,1
2344,2.41667560586111,2,a2,1,1
2345,2.43334215697222,2,a2,1,1
2346,2.45000881058333,2,a2,1,1
2347,2.46667572197222,2,a2,1,1
2348,2.48334226363889,2,a2,1,1
2349,2.50000922836111,2,a2,1,1
2350,2.51667593225,2,a2,1,1
2351,2.53334253475,2,a2,1,1
2352,2.55000915530556,2,a2,1,1
2353,2.56667573391667,2,a2,1,1
2354,2.58334243947222,2,a2,1,1
2355,2.60000914613889,2,a2,1,1
2356,2.61667576697222,2,a2,1,1
2357,2.63334248308333,2,a2,1,1
2358,2.65000956530556,2,a2,1,1
2359,2.66667609780556,2,a2,1,1
2360,2.68334278169444,2,a2,1,1
2361,2.70000957169444,2,a2,1,1
2362,2.71667602086111,2,a2,1,1
2363,2.73334289530556,2,a2,1,1
2364,2.75000943419444,2,a2,1,1
2365,2.76667617863889,2,a2,1,1
2366,2.78334306475,2,a2,1,1
2367,2.80000970363889,2,a2,1,1
2368,2.81667634530556,2,a2,1,1
2369,2.83334349252778,2,a2,1,1
2370,2.85000999808333,2,a2,1,1
2371,2.86667667308333,2,a2,1,1
2372,2.88334327030556,2,a2,1,1
2373,2.90001011475,2,a2,1,1
2374,2.91667656197222,2,a2,1,1
2375,2.93334337863889,2,a2,1,1
2376,2.95001015363889,2,a2,1,1
2377,2.96667689252778,2,a2,1,1
2378,2.98334377030556,2,a2,1,1
2379,3.00001026475,2,a2,1,1
2380,3.01667684252778,2,a2,1,1
2381,3.03334396197222,2,a2,1,1
2382,3.05001069808333,2,a2,1,1
2383,3.06667722030556,2,a2,1,1
2384,3.08334411475,2,a2,1,1
2385,3.10001127863889,2,a2,1,1
2386,3.11667774808333,2,a2,1,1
2387,3.13334446752778,2,a2,1,1
2388,3.15001119808333,2,a2,1,1
2389,3.16667804252778,2,a2,1,1
2390,3.18334468975,2,a2,1,1
2391,3.20001175919444,2,a2,1,1
2392,3.21667855086111,2,a2,1,1
2393,3.23334528697222,2,a2,1,1
2394,3.25001205919444,2,a2,1,1
2395,3.26667906752778,2,a2,1,1
2396,3.28334591197222,2,a2,1,1
2397,3.30001240363889,2,a2,1,1
2398,3.31667914808333,2,a2,1,1
2399,3.33334578419444,2,a2,1,1
2400,3.35001253697222,2,a2,1,1
2401,3.36667910086111,2,a2,1,1
2402,3.38334590363889,2,a2,1,1
2403,3.40001265919444,2,a2,1,1
2404,3.41667924808333,2,a2,1,1
2405,3.43334619808333,2,a2,1,1
2406,3.45001287863889,2,a2,1,1
2407,3.46667944530556,2,a2,1,1
2408,3.48334646475,2,a2,1,1
2409,3.50001312308333,2,a2,1,1
2410,3.51668008419444,2,a2,1,1
2411,3.53334658141667,2,a2,1,1
2412,3.55001335086111,2,a2,1,1
2413,3.56668041197222,2,a2,1,1
2414,3.58334689808333,2,a2,1,1
2415,3.60001352308333,2,a2,1,1
2416,3.61668037586111,2,a2,1,1
2417,3.63334707030556,2,a2,1,1
2418,3.65001361197222,2,a2,1,1
2419,3.66668028975,2,a2,1,1
2420,3.68334703697222,2,a2,1,1
2421,3.70001383697222,2,a2,1,1
2422,3.71668052863889,2,a2,1,1
2423,3.73334747863889,2,a2,1,1
2424,3.75001428419444,2,a2,1,1
2425,3.76668097030556,2,a2,1,1
2426,3.78334747863889,2,a2,1,1
2427,3.80001422308333,2,a2,1,1
2428,3.81668073419444,2,a2,1,1
2429,3.83334760919444,2,a2,1,1
2430,3.85001431197222,2,a2,1,1
2431,3.86668128419444,2,a2,1,1
2432,3.88334786475,2,a2,1,1
2433,3.90001436197222,2,a2,1,1
2434,3.91668107586111,2,a2,1,1
2435,3.93334792030556,2,a2,1,1
2436,3.95001457863889,2,a2,1,1
2437,3.96668109530556,2,a2,1,1
2438,3.98334804808333,2,a2,1,1
2439,4.00001470363889,2,a2,1,1
2440,4.01668151475,2,a2,1,1
2441,4.03334835086111,2,a2,1,1
2442,4.05001525641667,2,a2,1,1
2443,4.06668193419444,2,a2,1,1
2444,4.08334868697222,2,a2,1,1
2445,4.10001550363889,2,a2,1,1
2446,4.11668266752778,2,a2,1,1
2447,4.13334916475,2,a2,1,1
2448,4.15001587863889,2,a2,1,1
2449,4.16668261475,2,a2,1,1
2450,4.18334958975,2,a2,1,1
2451,4.20001603975,2,a2,1,1
2452,4.21668291752778,2,a2,1,1
2453,4.23334957030556,2,a2,1,1
2454,4.25001618419444,2,a2,1,1
2455,4.26668280086111,2,a2,1,1
2456,4.28334950086111,2,a2,1,1
2457,4.30001611475,2,a2,1,1
2458,4.31668288975,2,a2,1,1
2459,4.33334947863889,2,a2,1,1
2460,4.35001614808333,2,a2,1,1
2461,4.36668309530556,2,a2,1,1
2462,4.38334968697222,2,a2,1,1
2463,4.40001634530556,2,a2,1,1
2464,4.41668307030556,2,a2,1,1
2465,4.43334982863889,2,a2,1,1
2466,4.45001647586111,2,a2,1,1
2467,4.46668297030556,2,a2,1,1
2468,4.48334965919444,2,a2,1,1
2469,4.50001671475,2,a2,1,1
2470,4.51668330363889,2,a2,1,1
2471,4.53335006752778,2,a2,1,1
2472,4.55001699530556,2,a2,1,1
2473,4.56668370086111,2,a2,1,1
2474,4.58335029808333,2,a2,1,1
2475,4.60001684530556,2,a2,1,1
2476,4.61668396197222,2,a2,1,1
2477,4.63335064808333,2,a2,1,1
2478,4.65001730086111,2,a2,1,1
2479,4.66668386197222,2,a2,1,1
2480,4.68335086752778,2,a2,1,1
2481,4.70001755641667,2,a2,1,1
2482,4.71668427308333,2,a2,1,1
2483,4.73335097586111,2,a2,1,1
2484,4.75001769808333,2,a2,1,1
2485,4.76668413697222,2,a2,1,1
2486,4.78335088975,2,a2,1,1
2487,4.80001791475,2,a2,1,1
2488,4.81668490919444,2,a2,1,1
2489,4.83335173141667,2,a2,1,1
2490,4.85001826197222,2,a2,1,1
2491,4.86668507308333,2,a2,1,1
2492,4.88335172586111,2,a2,1,1
2493,4.90001837586111,2,a2,1,1
2494,4.91668506752778,2,a2,1,1
2495,4.93335163975,2,a2,1,1
2496,4.95001845363889,2,a2,1,1
2497,4.96668493419444,2,a2,1,1
2498,4.98335158141667,2,a2,1,1
2499,5.00001836752778,2,a2,1,1
2500,5.01668541752778,2,a2,1,1
2501,5.03335189252778,2,a2,1,1
2502,5.05001851752778,2,a2,1,1
2503,5.06668530086111,2,a2,1,1
2504,5.08335195363889,2,a2,1,1
2505,5.10001901752778,2,a2,1,1
2506,5.11668562308333,2,a2,1,1
2507,5.13335265919444,2,a2,1,1
2508,5.15001931475,2,a2,1,1
2509,5.16668588975,2,a2,1,1
2510,5.18335250363889,2,a2,1,1
2511,5.20001908141667,2,a2,1,1
2512,5.21668583419445,2,a2,1,1
2513,5.23335260086111,2,a2,1,1
2514,5.25001944252778,2,a2,1,1
2515,5.26668621475,2,a2,1,1
2516,5.28335318975,2,a2,1,1
2517,5.30001980363889,2,a2,1,1
2518,5.31668629808333,2,a2,1,1
2519,5.33335312308333,2,a2,1,1
2520,5.35001989808333,2,a2,1,1
2521,5.36668633419444,2,a2,1,1
2522,5.38335313975,2,a2,1,1
2523,5.40001972308333,2,a2,1,1
2524,5.41668644252778,2,a2,1,1
2525,5.43335312586111,2,a2,1,1
2526,5.45001986197222,2,a2,1,1
2527,5.46668649808333,2,a2,1,1
2528,5.48335313697222,2,a2,1,1
2529,5.50001966197222,2,a2,1,1
2530,5.51668667030556,2,a2,1,1
2531,5.53335333141667,2,a2,1,1
2532,5.55002031475,2,a2,1,1
2533,5.56668689530556,2,a2,1,1
2534,5.58335392863889,2,a2,1,1
2535,5.60002099252778,2,a2,1,1
2536,5.61668742863889,2,a2,1,1
2537,5.63335416197222,2,a2,1,1
2538,5.65002090641667,2,a2,1,1
2539,5.66668755363889,2,a2,1,1
2540,5.68335426752778,2,a2,1,1
2541,5.70002091752778,2,a2,1,1
2542,5.71668783141667,2,a2,1,1
2543,5.73335440086111,2,a2,1,1
2544,5.75002116197222,2,a2,1,1
2545,5.76668779252778,2,a2,1,1
2546,5.78335447030556,2,a2,1,1
2547,5.80002154252778,2,a2,1,1
2548,5.81668795363889,2,a2,1,1
2549,5.83335495641667,2,a2,1,1
2550,5.85002172586111,2,a2,1,1
2551,5.86668832308333,2,a2,1,1
2552,5.88335495641667,2,a2,1,1
2553,5.90002156475,2,a2,1,1
2554,5.91668832308333,2,a2,1,1
2555,5.93335511197222,2,a2,1,1
2556,5.95002177863889,2,a2,1,1
2557,5.96668837030556,2,a2,1,1
2558,5.98335528697222,2,a2,1,1
2559,6.00002212308333,2,a2,1,1
2560,6.01668889808333,2,a2,1,1
2561,6.03335573697222,2,a2,1,1
2562,6.05002283141667,2,a2,1,1
2563,6.06668952586111,2,a2,1,1
2564,6.08335614808333,2,a2,1,1
2565,6.10002306197222,2,a2,1,1
2566,6.11668985363889,2,a2,1,1
2567,6.13335630641667,2,a2,1,1
2568,6.15002315919444,2,a2,1,1
2569,6.16669007030556,2,a2,1,1
2570,6.18335687586111,2,a2,1,1
2571,6.20002352863889,2,a2,1,1
2572,6.21669024252778,2,a2,1,1
2573,6.23335687308333,2,a2,1,1
2574,6.25002386475,2,a2,1,1
2575,6.26669095086111,2,a2,1,1
2576,6.28335780641667,2,a2,1,1
2577,6.30002444808333,2,a2,1,1
2578,6.31669153975,2,a2,1,1
2579,6.33335803975,2,a2,1,1
2580,6.35002469808333,2,a2,1,1
2581,6.36669146197222,2,a2,1,1
2582,6.38335820363889,2,a2,1,1
2583,6.40002481197222,2,a2,1,1
2584,6.41669128975,2,a2,1,1
2585,6.43335822308333,2,a2,1,1
2586,6.45002498419445,2,a2,1,1
2587,6.46669169530556,2,a2,1,1
2588,6.48335846475,2,a2,1,1
2589,6.50002517586111,2,a2,1,1
2590,6.51669169530556,2,a2,1,1
2591,6.53335837308333,2,a2,1,1
2592,6.55002508697222,2,a2,1,1
2593,6.56669163697222,2,a2,1,1
2594,6.58335834252778,2,a2,1,1
2595,6.60002513697222,2,a2,1,1
2596,6.61669178419444,2,a2,1,1
2597,6.63335822863889,2,a2,1,1
2598,6.65002493141667,2,a2,1,1
2599,6.66669175919445,2,a2,1,1
2600,6.68335844530556,2,a2,1,1
2601,6.70002519808333,2,a2,1,1
2602,6.71669196475,2,a2,1,1
2603,6.73335856752778,2,a2,1,1
2604,6.75002520641667,2,a2,1,1
2605,6.76669205641667,2,a2,1,1
2606,6.78335858419444,2,a2,1,1
2607,6.80002518419444,2,a2,1,1
2608,6.81669184252778,2,a2,1,1
2609,6.83335863419445,2,a2,1,1
2610,6.85002532308333,2,a2,1,1
2611,6.86669187308333,2,a2,1,1
2612,6.88335896475,2,a2,1,1
2613,6.90002573141667,2,a2,1,1
2614,6.91669215086111,2,a2,1,1
2615,6.93335885363889,2,a2,1,1
2616,6.95002568697222,2,a2,1,1
2617,6.96669263697222,2,a2,1,1
2618,6.98335916475,2,a2,1,1
2619,7.00002582030556,2,a2,1,1
2620,7.01669249808333,2,a2,1,1
2621,7.03335909252778,2,a2,1,1
2622,7.05002589808333,2,a2,1,1
2623,7.06669258419444,2,a2,1,1
2624,7.08335912308333,2,a2,1,1
2625,7.10002597308333,2,a2,1,1
2626,7.11669247863889,2,a2,1,1
2627,7.13335927030556,2,a2,1,1
2628,7.15002576752778,2,a2,1,1
2629,7.16669247030555,2,a2,1,1
2630,7.18335930363889,2,a2,1,1
2631,7.20002576197222,2,a2,1,1
2632,7.21669245363889,2,a2,1,1
2633,7.23335951475,2,a2,1,1
2634,7.25002618697222,2,a2,1,1
2635,7.26669284808333,2,a2,1,1
2636,7.28335949530556,2,a2,1,1
2637,7.30002654808333,2,a2,1,1
2638,7.31669302586111,2,a2,1,1
2639,7.33335988419444,2,a2,1,1
2640,7.35002654808333,2,a2,1,1
2641,7.36669309808333,2,a2,1,1
2642,7.38335970919444,2,a2,1,1
2643,7.40002635086111,2,a2,1,1
2644,7.41669343975,2,a2,1,1
2645,7.43335992308333,2,a2,1,1
2646,7.45002665086111,2,a2,1,1
2647,7.46669332586111,2,a2,1,1
2648,7.48336022308333,2,a2,1,1
2649,7.50002693697222,2,a2,1,1
2650,7.51669368697222,2,a2,1,1
2651,7.53336037308333,2,a2,1,1
2652,7.55002701475,2,a2,1,1
2653,7.56669357863889,2,a2,1,1
2654,7.58336071752778,2,a2,1,1
2655,7.60002728419444,2,a2,1,1
2656,7.61669391752778,2,a2,1,1
2657,7.63336065919444,2,a2,1,1
2658,7.65002724252778,2,a2,1,1
2659,7.66669384252778,2,a2,1,1
2660,7.68336055919444,2,a2,1,1
2661,7.70002724252778,2,a2,1,1
2662,7.71669399808333,2,a2,1,1
2663,7.73336092586111,2,a2,1,1
2664,7.75002754808333,2,a2,1,1
2665,7.76669421197222,2,a2,1,1
2666,7.78336079530556,2,a2,1,1
2667,7.80002759808333,2,a2,1,1
2668,7.81669424530556,2,a2,1,1
2669,7.83336092030556,2,a2,1,1
2670,7.85002763697222,2,a2,1,1
2671,7.86669422586111,2,a2,1,1
2672,7.88336098697222,2,a2,1,1
2673,7.90002755641667,2,a2,1,1
2674,7.91669424530556,2,a2,1,1
2675,7.93336079808333,2,a2,1,1
2676,7.95002789252778,2,a2,1,1
2677,7.96669438697222,2,a2,1,1
2678,7.98336125086111,2,a2,1,1
2679,8.00002767863889,2,a2,1,1
2680,8.01669435363889,2,a2,1,1
2681,8.03336127586111,2,a2,1,1
2682,8.05002808141666,2,a2,1,1
2683,8.06669483419444,2,a2,1,1
2684,8.08336130641667,2,a2,1,1
2685,8.10002799808333,2,a2,1,1
2686,8.11669480641667,2,a2,1,1
2687,8.13336136475,2,a2,1,1
2688,8.15002812308333,2,a2,1,1
2689,8.16669470363889,2,a2,1,1
2690,8.18336153975,2,a2,1,1
2691,8.20002799808333,2,a2,1,1
2692,8.21669487030555,2,a2,1,1
2693,8.23336129530555,2,a2,1,1
2694,8.25002803141667,2,a2,1,1
2695,8.26669482030555,2,a2,1,1
2696,8.28336150086111,2,a2,1,1
2697,8.30002801197222,2,a2,1,1
2698,8.31669471475,2,a2,1,1
2699,8.33336148141667,2,a2,1,1
2700,8.35002832586111,2,a2,1,1
2701,8.36669496197222,2,a2,1,1
2702,8.38336167308333,2,a2,1,1
2703,8.40002829808333,2,a2,1,1
2704,8.41669490086111,2,a2,1,1
2705,8.43336169252778,2,a2,1,1
2706,8.45002834808333,2,a2,1,1
2707,8.46669508141667,2,a2,1,1
2708,8.48336176197222,2,a2,1,1
2709,8.50002827308333,2,a2,1,1
2710,8.51669500086111,2,a2,1,1
2711,8.53336213419444,2,a2,1,1
2712,8.55002858697222,2,a2,1,1
2713,8.56669519530556,2,a2,1,1
2714,8.58336184252778,2,a2,1,1
2715,8.60002858141667,2,a2,1,1
2716,8.61669533419444,2,a2,1,1
2717,8.63336208141667,2,a2,1,1
2718,8.65002862308333,2,a2,1,1
2719,8.66669547863889,2,a2,1,1
2720,8.68336231752778,2,a2,1,1
2721,8.70002934530556,2,a2,1,1
2722,8.71669614252778,2,a2,1,1
2723,8.73336278697222,2,a2,1,1
2724,8.75002953697222,2,a2,1,1
2725,8.76669649808333,2,a2,1,1
2726,8.78336312030556,2,a2,1,1
2727,8.80002962863889,2,a2,1,1
2728,8.81669641475,2,a2,1,1
2729,8.83336299252778,2,a2,1,1
2730,8.85002985641667,2,a2,1,1
2731,8.86669634530555,2,a2,1,1
2732,8.88336345363889,2,a2,1,1
2733,8.90003007030555,2,a2,1,1
2734,8.91669710086111,2,a2,1,1
2735,8.93336372030556,2,a2,1,1
2736,8.95003031752778,2,a2,1,1
2737,8.96669710919444,2,a2,1,1
2738,8.98336359252778,2,a2,1,1
2739,9.00003044252778,2,a2,1,1
2740,9.01669696752778,2,a2,1,1
2741,9.03336371197222,2,a2,1,1
2742,9.05003017308333,2,a2,1,1
2743,9.06669718419444,2,a2,1,1
2744,9.08336380641667,2,a2,1,1
2745,9.10003096197222,2,a2,1,1
2746,9.11669764808333,2,a2,1,1
2747,9.13336430641667,2,a2,1,1
2748,9.15003080086111,2,a2,1,1
2749,9.16669748975,2,a2,1,1
2750,9.18336422586111,2,a2,1,1
2751,9.20003073697222,2,a2,1,1
2752,9.21669766197222,2,a2,1,1
2753,9.23336420086111,2,a2,1,1
2754,9.25003088975,2,a2,1,1
2755,9.26669756752778,2,a2,1,1
2756,9.28336434252778,2,a2,1,1
2757,9.30003149808333,2,a2,1,1
2758,9.31669797030555,2,a2,1,1
2759,9.33336510363889,2,a2,1,1
2760,9.35003162308333,2,a2,1,1
2761,9.36669826197222,2,a2,1,1
2762,9.38336513141667,2,a2,1,1
2763,9.40003175363889,2,a2,1,1
2764,9.41669825086111,2,a2,1,1
2765,9.43336509252778,2,a2,1,1
2766,9.45003182030555,2,a2,1,1
2767,9.46669864530555,2,a2,1,1
2768,9.48336527863889,2,a2,1,1
2769,9.50003206197222,2,a2,1,1
2770,9.51669863419444,2,a2,1,1
2771,9.53336571197222,2,a2,1,1
2772,9.55003216752778,2,a2,1,1
2773,9.56669883697222,2,a2,1,1
2774,9.58336583697222,2,a2,1,1
2775,9.60003250086111,2,a2,1,1
2776,9.61669919808333,2,a2,1,1
2777,9.63336628975,2,a2,1,1
2778,9.65003285363889,2,a2,1,1
2779,9.66669944252778,2,a2,1,1
2780,9.68336601197222,2,a2,1,1
2781,9.70003283141667,2,a2,1,1
2782,9.71669958141667,2,a2,1,1
2783,9.73336622030555,2,a2,1,1
2784,9.75003288975,2,a2,1,1
2785,9.76669951197222,2,a2,1,1
2786,9.78336602863889,2,a2,1,1
2787,9.80003312030555,2,a2,1,1
2788,9.81669981197222,2,a2,1,1
2789,9.83336678419444,2,a2,1,1
2790,9.85003377308333,2,a2,1,1
2791,9.86670070363889,2,a2,1,1
2792,9.88336740363889,2,a2,1,1
2793,9.90003386197222,2,a2,1,1
2794,9.91670058975,2,a2,1,1
2795,9.93336723141667,2,a2,1,1
2796,9.95003395641667,2,a2,1,1
2797,9.96670061197222,2,a2,1,1
2798,9.98336735919444,2,a2,1,1
2799,10.0000339480833,2,a2,1,1
2800,10.0167005675278,2,a2,1,1
2801,10.0333673536389,2,a2,1,1
2802,10.0500340064167,2,a2,1,1
2803,10.06670066475,2,a2,1,1
2804,10.0833672508611,2,a2,1,1
2805,10.1000337980833,2,a2,1,1
2806,10.1167006703056,2,a2,1,1
2807,10.1333675286389,2,a2,1,1
2808,10.1500341119722,2,a2,1,1
2809,10.1667008564167,2,a2,1,1
2810,10.1833674453056,2,a2,1,1
2811,10.2000342480833,2,a2,1,1
2812,10.21670076475,2,a2,1,1
2813,10.2333675841944,2,a2,1,1
2814,10.25003428975,2,a2,1,1
2815,10.26670083975,2,a2,1,1
2816,10.2833674453056,2,a2,1,1
2817,10.3000343314167,2,a2,1,1
2818,10.3167008980833,2,a2,1,1
2819,10.3333674175278,2,a2,1,1
2820,10.3500342258611,2,a2,1,1
2821,10.3667008591944,2,a2,1,1
2822,10.3833676230833,2,a2,1,1
2823,10.40003443975,2,a2,1,1
2824,10.4167011841944,2,a2,1,1
2825,10.4333678369722,2,a2,1,1
2826,10.4500345730833,2,a2,1,1
2827,10.4667011480833,2,a2,1,1
2828,10.4833677064167,2,a2,1,1
2829,10.5000346369722,2,a2,1,1
2830,10.5167014841944,2,a2,1,1
2831,10.53336821475,2,a2,1,1
2832,10.5500347064167,2,a2,1,1
2833,10.5667012841944,2,a2,1,1
2834,10.5833681619722,2,a2,1,1
2835,10.6000347369722,2,a2,1,1
2836,10.6167013119722,2,a2,1,1
2837,10.63336798975,2,a2,1,1
2838,10.6500348341944,2,a2,1,1
2839,10.66670151475,2,a2,1,1
2840,10.6833684286389,2,a2,1,1
2841,10.70003503975,2,a2,1,1
2842,10.7167016369722,2,a2,1,1
2843,10.7333683119722,2,a2,1,1
2844,10.75003488975,2,a2,1,1
2845,10.7667018314167,2,a2,1,1
2846,10.7833684425278,2,a2,1,1
2847,10.8000349508611,2,a2,1,1
2848,10.8167016925278,2,a2,1,1
2849,10.8333686925278,2,a2,1,1
2850,10.8500352203056,2,a2,1,1
2851,10.8667022536389,2,a2,1,1
2852,10.8833689730833,2,a2,1,1
2853,10.9000354814167,2,a2,1,1
2854,10.9167021453056,2,a2,1,1
2855,10.9333687814167,2,a2,1,1
2856,10.9500355230833,2,a2,1,1
2857,10.96670213975,2,a2,1,1
2858,10.9833689814167,2,a2,1,1
2859,11.0000355036389,2,a2,1,1
2860,11.0167021508611,2,a2,1,1
2861,11.0333690008611,2,a2,1,1
2862,11.0500356341944,2,a2,1,1
2863,11.0667021036389,2,a2,1,1
2864,11.0833690175278,2,a2,1,1
2865,11.1000354564167,2,a2,1,1
2866,11.1167022258611,2,a2,1,1
2867,11.13336913975,2,a2,1,1
2868,11.1500358703056,2,a2,1,1
2869,11.1667026675278,2,a2,1,1
2870,11.1833691564167,2,a2,1,1
2871,11.20003608975,2,a2,1,1
2872,11.2167028703056,2,a2,1,1
2873,11.2333694091944,2,a2,1,1
2874,11.2500361369722,2,a2,1,1
2875,11.26670268975,2,a2,1,1
2876,11.2833695369722,2,a2,1,1
2877,11.3000362286389,2,a2,1,1
2878,11.3167028786389,2,a2,1,1
2879,11.3333694508611,2,a2,1,1
2880,11.35003653975,2,a2,1,1
2881,11.3667030036389,2,a2,1,1
2882,11.3833696758611,2,a2,1,1
2883,11.40003631475,2,a2,1,1
2884,11.4167030480833,2,a2,1,1
2885,11.43336991475,2,a2,1,1
2886,11.4500366341944,2,a2,1,1
2887,11.4667037619722,2,a2,1,1
2888,11.4833705230833,2,a2,1,1
2889,11.5000372564167,2,a2,1,1
2890,11.5167040119722,2,a2,1,1
2891,11.5333705119722,2,a2,1,1
2892,11.5500373786389,2,a2,1,1
2893,11.5667039730833,2,a2,1,1
2894,11.5833705869722,2,a2,1,1
2895,11.6000371786389,2,a2,1,1
2896,11.6167043008611,2,a2,1,1
2897,11.6333709314167,2,a2,1,1
2898,11.6500378814167,2,a2,1,1
2899,11.6667044091944,2,a2,1,1
2900,11.68337126475,2,a2,1,1
2901,11.7000379536389,2,a2,1,1
2902,11.7167046980833,2,a2,1,1
2903,11.7333713091944,2,a2,1,1
2904,11.7500381258611,2,a2,1,1
2905,11.7667047064167,2,a2,1,1
2906,11.7833716703056,2,a2,1,1
2907,11.8000382730833,2,a2,1,1
2908,11.81670493975,2,a2,1,1
2909,11.8333717814167,2,a2,1,1
2910,11.8500384619722,2,a2,1,1
2911,11.8667053703056,2,a2,1,1
2912,11.8833719591944,2,a2,1,1
2913,11.90003873975,2,a2,1,1
2914,11.9167051925278,2,a2,1,1
2915,11.9333721119722,2,a2,1,1
2916,11.9500386341944,2,a2,1,1
2917,11.9667053369722,2,a2,1,1
2918,11.9833718480833,2,a2,1,1
2919,12.0000386953056,2,a2,1,1
2920,12.0167053703056,2,a2,1,1
2921,12.0333719008611,2,a2,1,1
2922,12.0500385925278,2,a2,1,1
2923,12.0667051814167,2,a2,1,1
2924,12.0833719091944,2,a2,1,1
2925,12.1000387064167,2,a2,1,1
2926,12.1167053980833,2,a2,1,1
2927,12.1333718925278,2,a2,1,1
2928,12.1500385619722,2,a2,1,1
2929,12.16670543975,2,a2,1,1
2930,12.1833720258611,2,a2,1,1
2931,12.2000386341944,2,a2,1,1
2932,12.2167056675278,2,a2,1,1
2933,12.2333722314167,2,a2,1,1
2934,12.2500389453056,2,a2,1,1
2935,12.2667055425278,2,a2,1,1
2936,12.2833721175278,2,a2,1,1
2937,12.3000388036389,2,a2,1,1
2938,12.3167054508611,2,a2,1,1
2939,12.3333726619722,2,a2,1,1
2940,12.3500395203056,2,a2,1,1
2941,12.3667061341944,2,a2,1,1
2942,12.3833729091944,2,a2,1,1
2943,12.4000396230833,2,a2,1,1
2944,12.4167064703056,2,a2,1,1
2945,12.4333730591944,2,a2,1,1
2946,12.4500401730833,2,a2,1,1
2947,12.46670708975,2,a2,1,1
2948,12.4833739675278,2,a2,1,1
2949,12.5000406369722,2,a2,1,1
2950,12.5167071786389,2,a2,1,1
2951,12.5333739675278,2,a2,1,1
2952,12.5500405980833,2,a2,1,1
2953,12.56670713975,2,a2,1,1
2954,12.5833738536389,2,a2,1,1
2955,12.6000405286389,2,a2,1,1
2956,12.6167071703056,2,a2,1,1
2957,12.6333737786389,2,a2,1,1
2958,12.6500404953056,2,a2,1,1
2959,12.6667073953056,2,a2,1,1
2960,12.6833737980833,2,a2,1,1
2961,12.7000404703056,2,a2,1,1
2962,12.7167073869722,2,a2,1,1
2963,12.73337413975,2,a2,1,1
2964,12.7500408841944,2,a2,1,1
2965,12.7667076453056,2,a2,1,1
2966,12.7833742258611,2,a2,1,1
2967,12.8000409341944,2,a2,1,1
2968,12.8167074230833,2,a2,1,1
2969,12.8333741619722,2,a2,1,1
2970,12.8500408925278,2,a2,1,1
2971,12.8667075064167,2,a2,1,1
2972,12.8833740758611,2,a2,1,1
2973,12.9000407619722,2,a2,1,1
2974,12.9167075425278,2,a2,1,1
2975,12.9333745619722,2,a2,1,1
2976,12.9500410814167,2,a2,1,1
2977,12.9667077453056,2,a2,1,1
2978,12.9833744536389,2,a2,1,1
2979,13.00004118975,2,a2,1,1
2980,13.0167079230833,2,a2,1,1
2981,13.0333747091944,2,a2,1,1
2982,13.0500413786389,2,a2,1,1
2983,13.0667080814167,2,a2,1,1
2984,13.0833747730833,2,a2,1,1
2985,13.1000415425278,2,a2,1,1
2986,13.1167079508611,2,a2,1,1
2987,13.1333746591944,2,a2,1,1
2988,13.1500413508611,2,a2,1,1
2989,13.1667084341944,2,a2,1,1
2990,13.1833750008611,2,a2,1,1
2991,13.2000418286389,2,a2,1,1
2992,13.2167082703056,2,a2,1,1
2993,13.2333750369722,2,a2,1,1
2994,13.25004168975,2,a2,1,1
2995,13.2667084119722,2,a2,1,1
2996,13.2833750869722,2,a2,1,1
2997,13.3000415980833,2,a2,1,1
2998,13.3167083480833,2,a2,1,1
2999,13.3333749703056,2,a2,1,1
3000,13.3500421064167,2,a2,1,1
3001,13.3667085369722,2,a2,1,1
3002,13.3833752119722,2,a2,1,1
3003,13.4000420203056,2,a2,1,1
3004,13.4167086925278,2,a2,1,1
3005,13.4333754425278,2,a2,1,1
3006,13.4500419508611,2,a2,1,1
3007,13.4667085425278,2,a2,1,1
3008,13.4833755341944,2,a2,1,1
3009,13.5000426591944,2,a2,1,1
3010,13.5167090980833,2,a2,1,1
3011,13.5333759286389,2,a2,1,1
3012,13.5500425591944,2,a2,1,1
3013,13.5667090730833,2,a2,1,1
3014,13.5833758008611,2,a2,1,1
3015,13.6000425758611,2,a2,1,1
3016,13.6167091230833,2,a2,1,1
3017,13.6333759480833,2,a2,1,1
3018,13.6500424480833,2,a2,1,1
3019,13.6667090758611,2,a2,1,1
3020,13.6833760091944,2,a2,1,1
3021,13.7000424175278,2,a2,1,1
3022,13.7167091786389,2,a2,1,1
3023,13.7333758508611,2,a2,1,1
3024,13.7500424619722,2,a2,1,1
3025,13.7667090703056,2,a2,1,1
3026,13.7833759703056,2,a2,1,1
3027,13.8000426869722,2,a2,1,1
3028,13.8167092203056,2,a2,1,1
3029,13.8333758258611,2,a2,1,1
3030,13.8500426480833,2,a2,1,1
3031,13.8667092258611,2,a2,1,1
3032,13.8833759564167,2,a2,1,1
3033,13.9000426230833,2,a2,1,1
3034,13.91670928975,2,a2,1,1
3035,13.9333757175278,2,a2,1,1
3036,13.9500424675278,2,a2,1,1
3037,13.9667092925278,2,a2,1,1
3038,13.9833758564167,2,a2,1,1
3039,14.00004266475,2,a2,1,1
3040,14.0167092814167,2,a2,1,1
3041,14.0333759508611,2,a2,1,1
3042,14.0500424925278,2,a2,1,1
3043,14.0667093008611,2,a2,1,1
3044,14.0833758786389,2,a2,1,1
3045,14.1000425925278,2,a2,1,1
3046,14.1167091314167,2,a2,1,1
3047,14.1333757453056,2,a2,1,1
3048,14.15004256475,2,a2,1,1
3049,14.1667091980833,2,a2,1,1
3050,14.1833759175278,2,a2,1,1
3051,14.2000426869722,2,a2,1,1
3052,14.2167094814167,2,a2,1,1
3053,14.23337618975,2,a2,1,1
3054,14.25004316475,2,a2,1,1
3055,14.26670983975,2,a2,1,1
3056,14.28337638975,2,a2,1,1
3057,14.3000430953056,2,a2,1,1
3058,14.3167098730833,2,a2,1,1
3059,14.3333764036389,2,a2,1,1
3060,14.3500430230833,2,a2,1,1
3061,14.3667098175278,2,a2,1,1
3062,14.3833763703056,2,a2,1,1
3063,14.40004318975,2,a2,1,1
3064,14.4167097953056,2,a2,1,1
3065,14.4333764091944,2,a2,1,1
3066,14.4500431619722,2,a2,1,1
3067,14.4667098036389,2,a2,1,1
3068,14.4833767230833,2,a2,1,1
3069,14.5000437119722,2,a2,1,1
3070,14.5167103230833,2,a2,1,1
3071,14.5333771008611,2,a2,1,1
3072,14.5500435619722,2,a2,1,1
3073,14.5667102425278,2,a2,1,1
3074,14.5833773953056,2,a2,1,1
3075,14.6000438619722,2,a2,1,1
3076,14.6167106758611,2,a2,1,1
3077,14.6333776453056,2,a2,1,1
3078,14.6500442341944,2,a2,1,1
3079,14.6667107925278,2,a2,1,1
3080,14.6833776425278,2,a2,1,1
3081,14.7000443091944,2,a2,1,1
3082,14.7167108508611,2,a2,1,1
3083,14.73337763975,2,a2,1,1
3084,14.7500443258611,2,a2,1,1
3085,14.7667109536389,2,a2,1,1
3086,14.7833776480833,2,a2,1,1
3087,14.8000441425278,2,a2,1,1
3088,14.81671093975,2,a2,1,1
3089,14.8333776064167,2,a2,1,1
3090,14.8500442008611,2,a2,1,1
3091,14.8667108453056,2,a2,1,1
3092,14.8833775508611,2,a2,1,1
3093,14.9000442341944,2,a2,1,1
3094,14.9167110175278,2,a2,1,1
3095,14.9333778091944,2,a2,1,1
3096,14.9500444619722,2,a2,1,1
3097,14.9667111286389,2,a2,1,1
3098,14.98337776475,2,a2,1,1
3099,15.0000445508611,2,a2,1,1
3100,15.0167110341944,2,a2,1,1
3101,15.03337788975,2,a2,1,1
3102,15.0500448064167,2,a2,1,1
3103,15.0667113480833,2,a2,1,1
3104,15.0833780119722,2,a2,1,1
3105,15.1000446341944,2,a2,1,1
3106,15.1167114064167,2,a2,1,1
3107,15.1333782091944,2,a2,1,1
3108,15.1500448619722,2,a2,1,1
3109,15.1667114869722,2,a2,1,1
3110,15.1833782091944,2,a2,1,1
3111,15.2000446564167,2,a2,1,1
3112,15.2167114953056,2,a2,1,1
3113,15.2333781591944,2,a2,1,1
3114,15.2500449036389,2,a2,1,1
3115,15.26671143975,2,a2,1,1
3116,15.2833782369722,2,a2,1,1
3117,15.3000451730833,2,a2,1,1
3118,15.3167120591944,2,a2,1,1
3119,15.33337896475,2,a2,1,1
3120,15.3500459814167,2,a2,1,1
3121,15.36671248975,2,a2,1,1
3122,15.3833790619722,2,a2,1,1
3123,15.4000457703056,2,a2,1,1
3124,15.4167125953056,2,a2,1,1
3125,15.4333796091944,2,a2,1,1
3126,15.4500461564167,2,a2,1,1
3127,15.4667126814167,2,a2,1,1
3128,15.4833793814167,2,a2,1,1
3129,15.5000461203056,2,a2,1,1
3130,15.5167128203056,2,a2,1,1
3131,15.5333796119722,2,a2,1,1
3132,15.5500464730833,2,a2,1,1
3133,15.5667130258611,2,a2,1,1
3134,15.58337978975,2,a2,1,1
3135,15.6000465480833,2,a2,1,1
3136,15.6167129953056,2,a2,1,1
3137,15.6333796536389,2,a2,1,1
3138,15.6500464453056,2,a2,1,1
3139,15.6667130119722,2,a2,1,1
3140,15.68337978975,2,a2,1,1
3141,15.7000463036389,2,a2,1,1
3142,15.7167132203056,2,a2,1,1
3143,15.7333796536389,2,a2,1,1
3144,15.7500465536389,2,a2,1,1
3145,15.7667133953056,2,a2,1,1
3146,15.78338041475,2,a2,1,1
3147,15.8000471730833,2,a2,1,1
3148,15.8167141564167,2,a2,1,1
3149,15.8333807841944,2,a2,1,1
3150,15.8500476591944,2,a2,1,1
3151,15.8667142119722,2,a2,1,1
3152,15.8833809230833,2,a2,1,1
3153,15.9000475591944,2,a2,1,1
3154,15.9167142841944,2,a2,1,1
3155,15.9333807814167,2,a2,1,1
3156,15.9500475480833,2,a2,1,1
3157,15.9667141536389,2,a2,1,1
3158,15.9833808369722,2,a2,1,1
3159,16.0000474369722,2,a2,1,1
3160,16.0167142619722,2,a2,1,1
3161,16.0333807758611,2,a2,1,1
3162,16.0500477814167,2,a2,1,1
3163,16.0667148591944,2,a2,1,1
3164,16.0833817314167,2,a2,1,1
3165,16.1000482675278,2,a2,1,1
3166,16.1167150925278,2,a2,1,1
3167,16.1333816341944,2,a2,1,1
3168,16.1500482953056,2,a2,1,1
3169,16.1667150758611,2,a2,1,1
3170,16.1833816064167,2,a2,1,1
3171,16.2000483286389,2,a2,1,1
3172,16.2167149786389,2,a2,1,1
3173,16.2333817953056,2,a2,1,1
3174,16.2500482786389,2,a2,1,1
3175,16.2667150091944,2,a2,1,1
3176,16.2833816591944,2,a2,1,1
3177,16.3000484369722,2,a2,1,1
3178,16.31671528975,2,a2,1,1
3179,16.3333820286389,2,a2,1,1
3180,16.3500486675278,2,a2,1,1
3181,16.3667157064167,2,a2,1,1
3182,16.3833825119722,2,a2,1,1
3183,16.4000496258611,2,a2,1,1
3184,16.4167162203056,2,a2,1,1
3185,16.4333829008611,2,a2,1,1
3186,16.4500498869722,2,a2,1,1
3187,16.4667165314167,2,a2,1,1
3188,16.4833831091944,2,a2,1,1
3189,16.5000497758611,2,a2,1,1
3190,16.5167163064167,2,a2,1,1
3191,16.53338306475,2,a2,1,1
3192,16.5500498703056,2,a2,1,1
3193,16.5667167203056,2,a2,1,1
3194,16.5833833036389,2,a2,1,1
3195,16.6000501119722,2,a2,1,1
3196,16.6167166508611,2,a2,1,1
3197,16.6333834008611,2,a2,1,1
3198,16.6500499508611,2,a2,1,1
3199,16.6667167786389,2,a2,1,1
3200,16.6833834536389,2,a2,1,1
3201,16.7000499425278,2,a2,1,1
3202,16.7167167703056,2,a2,1,1
3203,16.7333834758611,2,a2,1,1
3204,16.7500499730833,2,a2,1,1
3205,16.7667166925278,2,a2,1,1
3206,16.7833834008611,2,a2,1,1
3207,16.80005003975,2,a2,1,1
3208,16.8167165758611,2,a2,1,1
3209,16.8333834230833,2,a2,1,1
3210,16.85004991475,2,a2,1,1
3211,16.8667167814167,2,a2,1,1
3212,16.8833836175278,2,a2,1,1
3213,16.9000502286389,2,a2,1,1
3214,16.91671736475,2,a2,1,1
3215,16.9333838425278,2,a2,1,1
3216,16.9500506730833,2,a2,1,1
3217,16.9667171425278,2,a2,1,1
3218,16.9833840230833,2,a2,1,1
3219,17.0000508425278,2,a2,1,1
3220,17.0167175564167,2,a2,1,1
3221,17.0333841480833,2,a2,1,1
3222,17.0500507369722,2,a2,1,1
3223,17.0667174175278,2,a2,1,1
3224,17.0833843203056,2,a2,1,1
3225,17.1000510258611,2,a2,1,1
3226,17.1167177453056,2,a2,1,1
3227,17.1333843675278,2,a2,1,1
3228,17.15005113975,2,a2,1,1
3229,17.1667176925278,2,a2,1,1
3230,17.1833847869722,2,a2,1,1
3231,17.2000516675278,2,a2,1,1
3232,17.2167183536389,2,a2,1,1
3233,17.23338513975,2,a2,1,1
3234,17.2500515675278,2,a2,1,1
3235,17.2667183814167,2,a2,1,1
3236,17.28338496475,2,a2,1,1
3237,17.3000515980833,2,a2,1,1
3238,17.3167187036389,2,a2,1,1
3239,17.3333853925278,2,a2,1,1
3240,17.3500519564167,2,a2,1,1
3241,17.3667188341944,2,a2,1,1
3242,17.3833855203056,2,a2,1,1
3243,17.4000522758611,2,a2,1,1
3244,17.4167188953056,2,a2,1,1
3245,17.4333855064167,2,a2,1,1
3246,17.4500525203056,2,a2,1,1
3247,17.4667192953056,2,a2,1,1
3248,17.4833858841944,2,a2,1,1
3249,17.5000524230833,2,a2,1,1
3250,17.5167191091944,2,a2,1,1
3251,17.5333862814167,2,a2,1,1
3252,17.5500527453056,2,a2,1,1
3253,17.5667194091944,2,a2,1,1
3254,17.58338621475,2,a2,1,1
3255,17.60005266475,2,a2,1,1
3256,17.6167194453056,2,a2,1,1
3257,17.6333862314167,2,a2,1,1
3258,17.6500532091944,2,a2,1,1
3259,17.6667201564167,2,a2,1,1
3260,17.6833868008611,2,a2,1,1
3261,17.7000536286389,2,a2,1,1
3262,17.7167204508611,2,a2,1,1
3263,17.7333873619722,2,a2,1,1
3264,17.75005381475,2,a2,1,1
3265,17.7667205758611,2,a2,1,1
3266,17.7833871175278,2,a2,1,1
3267,17.8000540258611,2,a2,1,1
3268,17.8167205758611,2,a2,1,1
3269,17.83338723975,2,a2,1,1
3270,17.8500539175278,2,a2,1,1
3271,17.86672071475,2,a2,1,1
3272,17.8833871703056,2,a2,1,1
3273,17.9000541564167,2,a2,1,1
3274,17.9167212286389,2,a2,1,1
3275,17.9333881619722,2,a2,1,1
3276,17.9500547453056,2,a2,1,1
3277,17.9667213536389,2,a2,1,1
3278,17.9833880175278,2,a2,1,1
3279,18.00005506475,2,a2,1,1
3280,18.0167215841944,2,a2,1,1
3281,18.0333882536389,2,a2,1,1
3282,18.0500549925278,2,a2,1,1
3283,18.0667216091944,2,a2,1,1
3284,18.0833882453056,2,a2,1,1
3285,18.1000550203056,2,a2,1,1
3286,18.1167216508611,2,a2,1,1
3287,18.1333884008611,2,a2,1,1
3288,18.1500549619722,2,a2,1,1
3289,18.1667216314167,2,a2,1,1
3290,18.1833886869722,2,a2,1,1
3291,18.2000552341944,2,a2,1,1
3292,18.2167219119722,2,a2,1,1
3293,18.2333885730833,2,a2,1,1
3294,18.2500553341944,2,a2,1,1
3295,18.2667220230833,2,a2,1,1
3296,18.2833885675278,2,a2,1,1
3297,18.3000551730833,2,a2,1,1
3298,18.31672183975,2,a2,1,1
3299,18.33338851475,2,a2,1,1
3300,18.3500552841944,2,a2,1,1
3301,18.3667219953056,2,a2,1,1
3302,18.3833886425278,2,a2,1,1
3303,18.4000556619722,2,a2,1,1
3304,18.4167221175278,2,a2,1,1
3305,18.4333887841944,2,a2,1,1
3306,18.4500554980833,2,a2,1,1
3307,18.4667226369722,2,a2,1,1
3308,18.4833893869722,2,a2,1,1
3309,18.5000565369722,2,a2,1,1
3310,18.5167234064167,2,a2,1,1
3311,18.53339003975,2,a2,1,1
3312,18.5500566703056,2,a2,1,1
3313,18.5667233675278,2,a2,1,1
3314,18.5833899925278,2,a2,1,1
3315,18.6000566314167,2,a2,1,1
3316,18.6167232925278,2,a2,1,1
3317,18.6333899730833,2,a2,1,1
3318,18.6500565703056,2,a2,1,1
3319,18.6667235925278,2,a2,1,1
3320,18.6833901814167,2,a2,1,1
3321,18.7000567980833,2,a2,1,1
3322,18.7167232564167,2,a2,1,1
3323,18.7333904369722,2,a2,1,1
3324,18.7500569203056,2,a2,1,1
3325,18.7667236841944,2,a2,1,1
3326,18.7833907536389,2,a2,1,1
3327,18.8000572619722,2,a2,1,1
3328,18.8167238064167,2,a2,1,1
3329,18.8333905453056,2,a2,1,1
3330,18.8500573119722,2,a2,1,1
3331,18.8667239925278,2,a2,1,1
3332,18.8833906119722,2,a2,1,1
3333,18.9000575730833,2,a2,1,1
3334,18.9167243675278,2,a2,1,1
3335,18.9333910008611,2,a2,1,1
3336,18.9500579008611,2,a2,1,1
3337,18.9667244536389,2,a2,1,1
3338,18.9833911841944,2,a2,1,1
3339,19.0000578925278,2,a2,1,1
3340,19.0167243730833,2,a2,1,1
3341,19.03339106475,2,a2,1,1
3342,19.05005776475,2,a2,1,1
3343,19.0667243341944,2,a2,1,1
3344,19.0833911758611,2,a2,1,1
3345,19.1000579230833,2,a2,1,1
3346,19.11672458975,2,a2,1,1
3347,19.1333911758611,2,a2,1,1
3348,19.1500579619722,2,a2,1,1
3349,19.1667248841944,2,a2,1,1
3350,19.1833918453056,2,a2,1,1
3351,19.2000587786389,2,a2,1,1
3352,19.2167253564167,2,a2,1,1
3353,19.2333919564167,2,a2,1,1
3354,19.2500587953056,2,a2,1,1
3355,19.2667259786389,2,a2,1,1
3356,19.2833924703056,2,a2,1,1
3357,19.3000591286389,2,a2,1,1
3358,19.3167258703056,2,a2,1,1
3359,19.3333924786389,2,a2,1,1
3360,19.3500592730833,2,a2,1,1
3361,19.3667258953056,2,a2,1,1
3362,19.3833924230833,2,a2,1,1
3363,19.4000592591944,2,a2,1,1
3364,19.4167258453056,2,a2,1,1
3365,19.4333927564167,2,a2,1,1
3366,19.45005948975,2,a2,1,1
3367,19.4667265064167,2,a2,1,1
3368,19.4833930203056,2,a2,1,1
3369,19.5000600064167,2,a2,1,1
3370,19.5167266314167,2,a2,1,1
3371,19.5333933619722,2,a2,1,1
3372,19.5500599036389,2,a2,1,1
3373,19.5667265869722,2,a2,1,1
3374,19.5833934369722,2,a2,1,1
3375,19.6000601230833,2,a2,1,1
3376,19.6167266869722,2,a2,1,1
3377,19.6333934619722,2,a2,1,1
3378,19.6500599703056,2,a2,1,1
3379,19.6667265730833,2,a2,1,1
3380,19.6833932925278,2,a2,1,1
3381,19.7000602453056,2,a2,1,1
3382,19.71672726475,2,a2,1,1
3383,19.7333941425278,2,a2,1,1
3384,19.7500609286389,2,a2,1,1
3385,19.7667275008611,2,a2,1,1
3386,19.7833942980833,2,a2,1,1
3387,19.80006091475,2,a2,1,1
3388,19.8167278675278,2,a2,1,1
3389,19.8333944230833,2,a2,1,1
3390,19.8500610286389,2,a2,1,1
3391,19.86672771475,2,a2,1,1
3392,19.8833945369722,2,a2,1,1
3393,19.9000612730833,2,a2,1,1
3394,19.9167278591944,2,a2,1,1
3395,19.9333943675278,2,a2,1,1
3396,19.9500610758611,2,a2,1,1
3397,19.9667279008611,2,a2,1,1
3398,19.9833943536389,2,a2,1,1
3399,1.11667207305556,0,a3,0,0
3400,1.13333890416667,0,a3,0,0
3401,1.15000551583333,0,a3,0,0
3402,1.16667233305556,0,a3,0,0
3403,1.183339085,0,a3,0,0
3404,1.20000583861111,0,a3,0,0
3405,1.21667269666667,0,a3,0,0
3406,1.23333933638889,0,a3,0,0
3407,1.25000617666667,0,a3,0,0
3408,1.26667310027778,0,a3,0,0
3409,1.28333981805556,0,a3,0,0
3410,1.30000637305556,0,a3,0,0
3411,1.31667329027778,0,a3,0,0
3412,1.33333993055556,0,a3,0,0
3413,1.350007025,0,a3,0,0
3414,1.36667349027778,0,a3,0,0
3415,1.38334047527778,0,a3,0,0
3416,1.40000717444444,0,a3,0,0
3417,1.41667404,0,a3,0,0
3418,1.43334109638889,0,a3,0,0
3419,1.45000774305556,0,a3,0,0
3420,1.46667483333333,0,a3,0,0
3421,1.48334165,0,a3,0,0
3422,1.50000842277778,0,a3,0,0
3423,1.51667527055556,0,a3,0,0
3424,1.53334181527778,0,a3,0,0
3425,1.5500086075,0,a3,0,0
3426,1.56667540083333,0,a3,0,0
3427,1.58334206361111,0,a3,0,0
3428,1.60000868888889,0,a3,0,0
3429,1.61667546222222,0,a3,0,0
3430,1.63334218305556,0,a3,0,0
3431,1.65000877444444,0,a3,0,0
3432,1.66667555777778,0,a3,0,0
3433,1.68334236638889,0,a3,0,0
3434,1.70000889,0,a3,0,0
3435,1.71667562527778,0,a3,0,0
3436,1.73334246472222,0,a3,0,0
3437,1.75000910638889,0,a3,0,0
3438,1.76667571777778,0,a3,0,0
3439,1.78334260055556,0,a3,0,0
3440,1.80000917916667,0,a3,0,0
3441,1.81667584583333,0,a3,0,0
3442,1.83334243416667,0,a3,0,0
3443,1.85000953944444,0,a3,0,0
3444,1.86667608638889,0,a3,0,0
3445,1.88334279638889,0,a3,0,0
3446,1.90000948194444,0,a3,0,0
3447,1.91667606333333,0,a3,0,0
3448,1.93334269916667,0,a3,0,0
3449,1.95000932083333,0,a3,0,0
3450,1.96667635277778,0,a3,0,0
3451,1.9833429,0,a3,0,0
3452,2.00000988083333,0,a3,0,0
3453,2.01667628555556,0,a3,0,0
3454,2.03334307972222,0,a3,0,0
3455,2.05000980111111,0,a3,0,0
3456,2.06667678333333,0,a3,0,0
3457,2.08334344972222,0,a3,0,0
3458,2.10000991388889,0,a3,0,0
3459,2.11667653194444,0,a3,0,0
3460,2.13334330277778,0,a3,0,0
3461,2.15001000388889,0,a3,0,0
3462,2.16667666555556,0,a3,0,0
3463,2.18334330138889,0,a3,0,0
3464,2.20000997,0,a3,0,0
3465,2.21667682055556,0,a3,0,0
3466,2.23334356694444,0,a3,0,0
3467,2.25001038361111,0,a3,0,0
3468,2.26667737277778,0,a3,0,0
3469,2.28334399166667,0,a3,0,0
3470,2.30001091111111,0,a3,0,0
3471,2.31667758277778,0,a3,0,0
3472,2.33334403666667,0,a3,0,0
3473,2.35001098666667,0,a3,0,0
3474,2.36667745305556,0,a3,0,0
3475,2.38334407472222,0,a3,0,0
3476,2.40001110777778,0,a3,0,0
3477,2.41667782833333,0,a3,0,0
3478,2.43334462138889,0,a3,0,0
3479,2.45001131333333,0,a3,0,0
3480,2.46667802138889,0,a3,0,0
3481,2.48334483444444,0,a3,0,0
3482,2.50001152555556,0,a3,0,0
3483,2.51667816083333,0,a3,0,0
3484,2.53334465861111,0,a3,0,0
3485,2.55001141694444,0,a3,0,0
3486,2.56667805388889,0,a3,0,0
3487,2.58334511777778,0,a3,0,0
3488,2.60001167333333,0,a3,0,0
3489,2.61667829,0,a3,0,0
3490,2.63334518166667,0,a3,0,0
3491,2.65001204555556,0,a3,0,0
3492,2.66667859555556,0,a3,0,0
3493,2.68334518444444,0,a3,0,0
3494,2.70001194555556,0,a3,0,0
3495,2.71667864555556,0,a3,0,0
3496,2.73334537055556,0,a3,0,0
3497,2.75001204,0,a3,0,0
3498,2.76667855666667,0,a3,0,0
3499,2.78334520388889,0,a3,0,0
3500,2.80001188444444,0,a3,0,0
3501,2.816678565,0,a3,0,0
3502,2.83334559555556,0,a3,0,0
3503,2.85001265388889,0,a3,0,0
3504,2.86667913166667,0,a3,0,0
3505,2.88334604277778,0,a3,0,0
3506,2.90001265388889,0,a3,0,0
3507,2.91667923444444,0,a3,0,0
3508,2.93334579277778,0,a3,0,0
3509,2.95001272055556,0,a3,0,0
3510,2.96667934277778,0,a3,0,0
3511,2.983346065,0,a3,0,0
3512,3.00001277055556,0,a3,0,0
3513,3.01667958722222,0,a3,0,0
3514,3.03334641222222,0,a3,0,0
3515,3.05001298444444,0,a3,0,0
3516,3.06667984833333,0,a3,0,0
3517,3.08334653722222,0,a3,0,0
3518,3.10001338722222,0,a3,0,0
3519,3.11668005111111,0,a3,0,0
3520,3.13334677055556,0,a3,0,0
3521,3.15001349277778,0,a3,0,0
3522,3.16668033166667,0,a3,0,0
3523,3.18334730388889,0,a3,0,0
3524,3.20001395944444,0,a3,0,0
3525,3.21668050111111,0,a3,0,0
3526,3.23334733166667,0,a3,0,0
3527,3.25001402611111,0,a3,0,0
3528,3.266680565,0,a3,0,0
3529,3.28334714,0,a3,0,0
3530,3.30001415666667,0,a3,0,0
3531,3.31668092055556,0,a3,0,0
3532,3.33334740944444,0,a3,0,0
3533,3.35001428166667,0,a3,0,0
3534,3.36668095388889,0,a3,0,0
3535,3.38334784,0,a3,0,0
3536,3.40001437333333,0,a3,0,0
3537,3.41668101777778,0,a3,0,0
3538,3.43334791777778,0,a3,0,0
3539,3.45001511777778,0,a3,0,0
3540,3.46668167333333,0,a3,0,0
3541,3.48334828444444,0,a3,0,0
3542,3.50001507055556,0,a3,0,0
3543,3.51668155111111,0,a3,0,0
3544,3.53334870666667,0,a3,0,0
3545,3.55001536777778,0,a3,0,0
3546,3.56668219833333,0,a3,0,0
3547,3.58334862333333,0,a3,0,0
3548,3.60001569555556,0,a3,0,0
3549,3.61668258444444,0,a3,0,0
3550,3.63334917611111,0,a3,0,0
3551,3.65001605666667,0,a3,0,0
3552,3.66668238444444,0,a3,0,0
3553,3.68334914277778,0,a3,0,0
3554,3.700015765,0,a3,0,0
3555,3.71668290388889,0,a3,0,0
3556,3.73334934277778,0,a3,0,0
3557,3.75001627333333,0,a3,0,0
3558,3.76668271222222,0,a3,0,0
3559,3.78334950111111,0,a3,0,0
3560,3.80001631222222,0,a3,0,0
3561,3.81668302333333,0,a3,0,0
3562,3.833349615,0,a3,0,0
3563,3.85001650388889,0,a3,0,0
3564,3.86668298444444,0,a3,0,0
3565,3.88334972888889,0,a3,0,0
3566,3.90001630111111,0,a3,0,0
3567,3.91668329833333,0,a3,0,0
3568,3.93334968722222,0,a3,0,0
3569,3.95001677611111,0,a3,0,0
3570,3.96668330666667,0,a3,0,0
3571,3.983350165,0,a3,0,0
3572,4.00001678166667,0,a3,0,0
3573,4.016683315,0,a3,0,0
3574,4.03335004555556,0,a3,0,0
3575,4.05001700388889,0,a3,0,0
3576,4.06668362055555,0,a3,0,0
3577,4.08335047333333,0,a3,0,0
3578,4.10001722333333,0,a3,0,0
3579,4.11668403444444,0,a3,0,0
3580,4.13335073444444,0,a3,0,0
3581,4.15001717333333,0,a3,0,0
3582,4.16668407055556,0,a3,0,0
3583,4.18335069,0,a3,0,0
3584,4.20001735944444,0,a3,0,0
3585,4.21668389833333,0,a3,0,0
3586,4.23335055666667,0,a3,0,0
3587,4.25001717333333,0,a3,0,0
3588,4.26668406222222,0,a3,0,0
3589,4.28335070666667,0,a3,0,0
3590,4.30001742888889,0,a3,0,0
3591,4.31668449555556,0,a3,0,0
3592,4.333351515,0,a3,0,0
3593,4.35001812333333,0,a3,0,0
3594,4.366684915,0,a3,0,0
3595,4.38335132888889,0,a3,0,0
3596,4.40001816777778,0,a3,0,0
3597,4.41668464277778,0,a3,0,0
3598,4.43335140944444,0,a3,0,0
3599,4.45001827611111,0,a3,0,0
3600,4.466685115,0,a3,0,0
3601,4.48335152055555,0,a3,0,0
3602,4.50001827055556,0,a3,0,0
3603,4.51668508166667,0,a3,0,0
3604,4.53335176222222,0,a3,0,0
3605,4.55001832333333,0,a3,0,0
3606,4.56668493444444,0,a3,0,0
3607,4.58335182055555,0,a3,0,0
3608,4.60001875944444,0,a3,0,0
3609,4.61668520388889,0,a3,0,0
3610,4.63335198166667,0,a3,0,0
3611,4.65001874555556,0,a3,0,0
3612,4.66668520944444,0,a3,0,0
3613,4.68335202055555,0,a3,0,0
3614,4.70001847611111,0,a3,0,0
3615,4.716685615,0,a3,0,0
3616,4.73335226777778,0,a3,0,0
3617,4.750019265,0,a3,0,0
3618,4.76668628444444,0,a3,0,0
3619,4.78335277055556,0,a3,0,0
3620,4.80001940111111,0,a3,0,0
3621,4.81668655944444,0,a3,0,0
3622,4.83335303166667,0,a3,0,0
3623,4.85001989277778,0,a3,0,0
3624,4.86668667055555,0,a3,0,0
3625,4.88335328722222,0,a3,0,0
3626,4.900019965,0,a3,0,0
3627,4.91668668722222,0,a3,0,0
3628,4.933353215,0,a3,0,0
3629,4.95001985111111,0,a3,0,0
3630,4.96668680944444,0,a3,0,0
3631,4.98335366777778,0,a3,0,0
3632,5.00002024,0,a3,0,-1
3633,5.01668704833333,0,a3,0,-1
3634,5.03335357888889,0,a3,0,-1
3635,5.05002027888889,0,a3,0,-1
3636,5.066686965,0,a3,0,-1
3637,5.08335388166667,0,a3,0,-1
3638,5.10002043166667,0,a3,0,-1
3639,5.11668714833333,0,a3,0,-1
3640,5.13335394555556,0,a3,0,-1
3641,5.15002064555555,0,a3,0,-1
3642,5.16668719277778,0,a3,0,-1
3643,5.18335397888889,0,a3,0,-1
3644,5.20002045388889,0,a3,0,-1
3645,5.21668754,0,a3,0,-1
3646,5.23335417055555,0,a3,0,-1
3647,5.25002084277778,0,a3,0,-1
3648,5.26668744,0,a3,0,-1
3649,5.28335430388889,0,a3,0,-1
3650,5.30002089,0,a3,0,-1
3651,5.31668737055556,0,a3,0,-1
3652,5.33335422888889,0,a3,0,-1
3653,5.35002074833333,0,a3,0,-1
3654,5.366687515,0,a3,0,-1
3655,5.38335405666667,0,a3,0,-1
3656,5.40002075111111,0,a3,0,-1
3657,5.41668744277778,0,a3,1,-1
3658,5.43335409277778,0,a3,1,-1
3659,5.45002087888889,0,a3,1,-1
3660,5.46668752333333,0,a3,1,-1
3661,5.48335425111111,0,a3,1,-1
3662,5.50002077333333,0,a3,1,-1
3663,5.51668740111111,0,a3,1,-1
3664,5.53335429277778,0,a3,1,-1
3665,5.55002087888889,0,a3,1,-1
3666,5.56668766777778,0,a3,1,-1
3667,5.583354615,0,a3,1,-1
3668,5.60002112333333,0,a3,1,-1
3669,5.61668790666667,0,a3,0,-1
3670,5.63335433444444,0,a3,0,-1
3671,5.65002119277778,0,a3,0,-1
3672,5.66668807888889,0,a3,0,-1
3673,5.68335467611111,0,a3,0,-1
3674,5.70002136777778,0,a3,0,-1
3675,5.71668820388889,0,a3,0,-1
3676,5.73335463722222,0,a3,0,-1
3677,5.75002125944444,0,a3,0,-1
3678,5.76668799833333,0,a3,0,-1
3679,5.78335480111111,0,a3,0,-1
3680,5.80002145111111,0,a3,0,-1
3681,5.81668824,0,a3,0,-1
3682,5.83335519,0,a3,0,-1
3683,5.85002212611111,0,a3,0,-1
3684,5.86668931777778,0,a3,0,-1
3685,5.88335611777778,0,a3,0,-1
3686,5.90002289555556,0,a3,0,-1
3687,5.916689365,0,a3,0,-1
3688,5.933356215,0,a3,0,-1
3689,5.95002315944444,0,a3,0,-1
3690,5.966689815,0,a3,0,-1
3691,5.98335644555555,0,a3,0,-1
3692,6.00002304833333,0,a3,0,-1
3693,6.01668977888889,0,a3,0,-1
3694,6.03335630666667,0,a3,0,-1
3695,6.05002293444444,0,a3,0,-1
3696,6.06668974,0,a3,0,-1
3697,6.08335645111111,0,a3,0,-1
3698,6.10002294,0,a3,0,-1
3699,6.11668972333333,0,a3,0,-1
3700,6.13335658444444,0,a3,0,-1
3701,6.15002338444444,0,a3,0,-1
3702,6.16668989,0,a3,0,-1
3703,6.18335663166667,0,a3,0,-1
3704,6.20002334555556,0,a3,0,-1
3705,6.21668995944444,0,a3,0,-1
3706,6.23335668444444,0,a3,0,-1
3707,6.25002343444444,0,a3,0,-1
3708,6.26668999555555,0,a3,0,-1
3709,6.28335663166667,0,a3,0,-1
3710,6.30002344833333,0,a3,0,-1
3711,6.31669036777778,0,a3,0,-1
3712,6.33335683166667,0,a3,0,-1
3713,6.35002374555556,0,a3,0,-1
3714,6.36669017055556,0,a3,0,-1
3715,6.38335697333333,0,a3,0,-1
3716,6.40002354277778,0,a3,0,-1
3717,6.41669050944444,0,a3,0,-1
3718,6.43335717055556,0,a3,0,-1
3719,6.45002397333333,0,a3,0,-1
3720,6.46669082611111,0,a3,0,-1
3721,6.483357565,0,a3,0,-1
3722,6.50002417611111,0,a3,0,-1
3723,6.51669086777778,0,a3,0,-1
3724,6.53335738722222,0,a3,0,-1
3725,6.55002415666667,0,a3,0,-1
3726,6.56669092333333,0,a3,0,-1
3727,6.58335750111111,0,a3,0,-1
3728,6.60002419,0,a3,0,-1
3729,6.61669073444444,0,a3,0,-1
3730,6.633357615,0,a3,0,-1
3731,6.65002410944444,0,a3,0,-1
3732,6.66669124277778,0,a3,0,-1
3733,6.68335778166667,0,a3,0,-1
3734,6.70002450666667,0,a3,0,-1
3735,6.71669115944444,0,a3,0,-1
3736,6.73335765666667,0,a3,1,-1
3737,6.75002437611111,0,a3,1,-1
3738,6.76669131777778,0,a3,0,-1
3739,6.78335827611111,0,a3,0,-1
3740,6.80002499,0,a3,0,-1
3741,6.81669163722222,0,a3,0,-1
3742,6.83335874833333,0,a3,0,-1
3743,6.85002531222222,0,a3,0,-1
3744,6.86669202333333,0,a3,0,-1
3745,6.88335865388889,0,a3,0,-1
3746,6.90002542888889,0,a3,0,-1
3747,6.91669223722222,0,a3,0,-1
3748,6.93335873166667,0,a3,0,-1
3749,6.95002542055556,0,a3,0,-1
3750,6.96669219,0,a3,0,-1
3751,6.98335880944444,0,a3,0,-1
3752,7.00002545666667,0,a3,0,-1
3753,7.01669214277778,0,a3,0,-1
3754,7.03335889277778,0,a3,0,-1
3755,7.05002559277778,0,a3,0,-1
3756,7.06669235944444,0,a3,0,-1
3757,7.08335893444444,0,a3,0,-1
3758,7.10002593444444,0,a3,0,-1
3759,7.116692415,0,a3,0,-1
3760,7.13335950388889,0,a3,0,-1
3761,7.15002648444444,0,a3,0,-1
3762,7.16669319555555,0,a3,0,-1
3763,7.18335963166667,0,a3,0,-1
3764,7.20002639,0,a3,0,-1
3765,7.21669296222222,0,a3,0,-1
3766,7.23335984555556,0,a3,0,-1
3767,7.25002679277778,0,a3,0,-1
3768,7.26669327611111,0,a3,0,-1
3769,7.283359865,0,a3,0,-1
3770,7.300026515,0,a3,0,-1
3771,7.31669339277778,0,a3,0,-1
3772,7.33335996222222,0,a3,0,-1
3773,7.35002694555556,0,a3,0,-1
3774,7.36669388166667,0,a3,0,-1
3775,7.383360665,0,a3,0,-1
3776,7.40002710666667,0,a3,1,-1
3777,7.41669380944444,0,a3,1,-1
3778,7.43336043166667,0,a3,1,-1
3779,7.45002712888889,0,a3,1,-1
3780,7.46669387055556,0,a3,0,-1
3781,7.48336090666667,0,a3,0,-1
3782,7.50002764277778,0,a3,0,-1
3783,7.51669404277778,0,a3,0,-1
3784,7.53336092888889,0,a3,0,-1
3785,7.55002763722222,0,a3,0,-1
3786,7.56669422333333,0,a3,0,-1
3787,7.58336074277778,0,a3,0,-1
3788,7.60002756222222,0,a3,0,-1
3789,7.61669418722222,0,a3,0,-1
3790,7.63336079833333,0,a3,0,-1
3791,7.65002742333333,0,a3,0,-1
3792,7.66669434555556,0,a3,0,-1
3793,7.68336144277778,0,a3,0,-1
3794,7.70002842333333,0,a3,0,-1
3795,7.71669509833333,0,a3,0,-1
3796,7.73336163722222,0,a3,0,-1
3797,7.75002839,0,a3,0,-1
3798,7.76669497333333,0,a3,0,-1
3799,7.78336164833333,0,a3,0,-1
3800,7.80002852333333,0,a3,0,-1
3801,7.81669511222222,0,a3,0,-1
3802,7.83336164555555,0,a3,0,-1
3803,7.85002823722222,0,a3,0,-1
3804,7.866694965,0,a3,0,-1
3805,7.88336159277778,0,a3,0,-1
3806,7.90002861777778,0,a3,0,-1
3807,7.91669539555555,0,a3,0,-1
3808,7.93336208444444,0,a3,0,-1
3809,7.95002869555556,0,a3,0,-1
3810,7.96669566777778,0,a3,0,-1
3811,7.98336259833333,0,a3,0,-1
3812,8.00002930666667,0,a3,0,-1
3813,8.01669590666667,0,a3,0,-1
3814,8.03336247611111,0,a3,0,-1
3815,8.05002927611111,0,a3,0,-1
3816,8.06669573722222,0,a3,1,-1
3817,8.08336249555555,0,a3,0,-1
3818,8.10002923444445,0,a3,0,-1
3819,8.11669580388889,0,a3,0,-1
3820,8.13336242333333,0,a3,0,-1
3821,8.15002929,0,a3,0,-1
3822,8.16669593444444,0,a3,0,-1
3823,8.18336259833333,0,a3,0,-1
3824,8.20002927611111,0,a3,0,-1
3825,8.21669577888889,0,a3,0,-1
3826,8.23336244555556,0,a3,0,-1
3827,8.25002917333333,0,a3,0,-1
3828,8.26669573444445,0,a3,0,-1
3829,8.28336239555556,0,a3,0,-1
3830,8.30002920111111,0,a3,0,-1
3831,8.31669584555556,0,a3,0,-1
3832,8.33336250111111,0,a3,0,-1
3833,8.35002920944445,0,a3,0,-1
3834,8.36669580388889,0,a3,0,-1
3835,8.38336287333333,0,a3,0,-1
3836,8.40002970944444,0,a3,0,-1
3837,8.41669640944444,0,a3,0,-1
3838,8.43336313444444,0,a3,0,-1
3839,8.45003000944445,0,a3,0,-1
3840,8.46669691777778,0,a3,0,-1
3841,8.48336351222222,0,a3,0,-1
3842,8.50003026222222,0,a3,0,-1
3843,8.51669726222222,0,a3,0,-1
3844,8.53336386777778,0,a3,0,-1
3845,8.55003045666667,0,a3,0,-1
3846,8.56669717888889,0,a3,0,-1
3847,8.58336383444444,0,a3,0,-1
3848,8.60003062333333,0,a3,0,-1
3849,8.61669737055556,0,a3,0,-1
3850,8.63336398166667,0,a3,0,-1
3851,8.65003053444445,0,a3,0,-1
3852,8.66669752333333,0,a3,0,-1
3853,8.68336436777778,0,a3,0,-1
3854,8.70003140111111,0,a3,0,-1
3855,8.71669783166667,0,a3,0,-1
3856,8.73336458444444,0,a3,0,-1
3857,8.75003112333333,0,a3,0,-1
3858,8.76669772055556,0,a3,0,-1
3859,8.78336432611111,0,a3,0,-1
3860,8.80003110666667,0,a3,0,-1
3861,8.81669775666667,0,a3,0,-1
3862,8.83336436777778,0,a3,0,-1
3863,8.85003108722222,0,a3,0,-1
3864,8.86669780388889,0,a3,0,-1
3865,8.88336445111111,0,a3,0,-1
3866,8.90003104,0,a3,0,-1
3867,8.91669818722222,0,a3,0,-1
3868,8.93336519,0,a3,0,-1
3869,8.95003204277778,0,a3,0,-1
3870,8.966698615,0,a3,0,-1
3871,8.98336528722222,0,a3,0,-1
3872,9.00003197611111,0,a3,0,-1
3873,9.01669858166667,0,a3,0,-1
3874,9.03336530666667,0,a3,0,-1
3875,9.05003202611111,0,a3,0,-1
3876,9.06669850388889,0,a3,0,-1
3877,9.08336530666667,0,a3,0,-1
3878,9.10003200944444,0,a3,0,-1
3879,9.11669870666667,0,a3,0,-1
3880,9.13336523722222,0,a3,0,-1
3881,9.15003194555556,0,a3,0,-1
3882,9.16669852888889,0,a3,0,-1
3883,9.18336544833334,0,a3,0,-1
3884,9.20003237888889,0,a3,0,-1
3885,9.21669908444444,0,a3,0,-1
3886,9.23336598722222,0,a3,0,-1
3887,9.25003243166667,0,a3,0,-1
3888,9.26669913166667,0,a3,0,-1
3889,9.28336597055556,0,a3,0,-1
3890,9.30003240666667,0,a3,0,-1
3891,9.31669925666667,0,a3,0,-1
3892,9.33336583444444,0,a3,1,-1
3893,9.35003242055556,0,a3,1,-1
3894,9.36669944277778,0,a3,0,-1
3895,9.38336627888889,0,a3,0,-1
3896,9.40003295944445,0,a3,1,-1
3897,9.41669979555556,0,a3,1,-1
3898,9.433366265,0,a3,0,-1
3899,9.45003292333333,0,a3,0,-1
3900,9.46669995388889,0,a3,0,-1
3901,9.48336683722222,0,a3,0,-1
3902,9.50003351222222,0,a3,0,-1
3903,9.51670021777778,0,a3,0,-1
3904,9.53336702333333,0,a3,0,-1
3905,9.55003401222222,0,a3,0,-1
3906,9.56670060666667,0,a3,0,-1
3907,9.58336710666667,0,a3,0,-1
3908,9.60003386777778,0,a3,0,-1
3909,9.61670052888889,0,a3,0,-1
3910,9.63336709277778,0,a3,0,-1
3911,9.65003398444444,0,a3,0,-1
3912,9.666700765,0,a3,0,-1
3913,9.68336775388889,0,a3,0,-1
3914,9.70003447888889,0,a3,0,-1
3915,9.71670114833333,0,a3,0,-1
3916,9.73336773722222,0,a3,0,-1
3917,9.75003433444444,0,a3,0,-1
3918,9.76670149555556,0,a3,0,-1
3919,9.783368115,0,a3,0,-1
3920,9.80003511222222,0,a3,0,-1
3921,9.81670154277778,0,a3,0,-1
3922,9.83336825944445,0,a3,0,-1
3923,9.85003510111111,0,a3,0,-1
3924,9.86670150666667,0,a3,0,-1
3925,9.88336878722222,0,a3,0,-1
3926,9.90003547888889,0,a3,0,-1
3927,9.91670227333333,0,a3,0,-1
3928,9.93336904277778,0,a3,0,-1
3929,9.95003549555556,0,a3,0,-1
3930,9.96670252611111,0,a3,0,-1
3931,9.98336922055556,0,a3,0,-1
3932,10.0000359538889,0,a3,0,-1
3933,10.0167025011111,0,a3,0,-1
3934,10.0333695261111,0,a3,0,-1
3935,10.0500360233333,0,a3,0,-1
3936,10.0667027011111,0,a3,0,-1
3937,10.08336949,0,a3,0,-1
3938,10.1000359816667,0,a3,0,-1
3939,10.1167028122222,0,a3,0,-1
3940,10.1333696261111,0,a3,0,-1
3941,10.1500364816667,0,a3,0,-1
3942,10.1667030511111,0,a3,0,-1
3943,10.1833696677778,0,a3,0,-1
3944,10.2000363177778,0,a3,0,-1
3945,10.2167031733333,0,a3,0,-1
3946,10.2333700094444,0,a3,0,-1
3947,10.2500366344444,0,a3,0,-1
3948,10.2667035122222,0,a3,0,-1
3949,10.283370365,0,a3,0,-1
3950,10.3000368288889,0,a3,0,-1
3951,10.3167036955556,0,a3,0,-1
3952,10.3333703205556,0,a3,0,-1
3953,10.3500370844444,0,a3,0,-1
3954,10.3667037594444,0,a3,0,-1
3955,10.3833704288889,0,a3,0,-1
3956,10.4000371066667,0,a3,0,-1
3957,10.4167037483333,0,a3,0,-1
3958,10.4333704538889,0,a3,0,-1
3959,10.45003739,0,a3,0,-1
3960,10.4667041233333,0,a3,0,-1
3961,10.4833708066667,0,a3,0,-1
3962,10.5000374872222,0,a3,0,-1
3963,10.5167041983333,0,a3,0,-1
3964,10.5333707455556,0,a3,0,-1
3965,10.5500375122222,0,a3,0,-1
3966,10.5667041983333,0,a3,0,-1
3967,10.5833709455556,0,a3,0,-1
3968,10.6000376177778,0,a3,0,-1
3969,10.6167041316667,0,a3,0,-1
3970,10.6333707316667,0,a3,0,-1
3971,10.6500375538889,0,a3,0,-1
3972,10.6667041705556,0,a3,0,-1
3973,10.6833707233333,0,a3,0,-1
3974,10.7000378927778,0,a3,0,-1
3975,10.716704765,0,a3,0,-1
3976,10.733371615,0,a3,0,-1
3977,10.7500383955556,0,a3,0,-1
3978,10.7667049538889,0,a3,0,-1
3979,10.7833718761111,0,a3,0,-1
3980,10.8000388288889,0,a3,0,-1
3981,10.8167056622222,0,a3,0,-1
3982,10.8333721927778,0,a3,0,-1
3983,10.850038965,0,a3,0,-1
3984,10.8667055872222,0,a3,0,-1
3985,10.8833723261111,0,a3,0,-1
3986,10.900038765,0,a3,0,-1
3987,10.9167056594444,0,a3,0,-1
3988,10.9333726344444,0,a3,0,-1
3989,10.9500392205556,0,a3,0,-1
3990,10.9667057094444,0,a3,0,-1
3991,10.9833728177778,0,a3,0,-1
3992,11.0000394816667,0,a3,0,-1
3993,11.0167060122222,0,a3,0,-1
3994,11.0333728955556,0,a3,0,-1
3995,11.0500398344444,0,a3,0,-1
3996,11.0667063955556,0,a3,0,-1
3997,11.0833731566667,0,a3,0,-1
3998,11.1000396344444,0,a3,0,-1
3999,11.1167064483333,0,a3,0,-1
4000,11.1333734455556,0,a3,0,-1
4001,11.150039915,0,a3,0,-1
4002,11.1667067705556,0,a3,0,-1
4003,11.1833734455556,0,a3,0,-1
4004,11.2000398372222,0,a3,0,-1
4005,11.2167065927778,0,a3,0,-1
4006,11.2333734205556,0,a3,0,-1
4007,11.2500400677778,0,a3,1,-1
4008,11.2667068344444,0,a3,1,-1
4009,11.2833736761111,0,a3,0,-1
4010,11.3000402205556,0,a3,0,-1
4011,11.3167070038889,0,a3,0,-1
4012,11.3333737455556,0,a3,0,-1
4013,11.3500401677778,0,a3,0,-1
4014,11.3667068177778,0,a3,0,-1
4015,11.3833735816667,0,a3,0,-1
4016,11.4000402955556,0,a3,0,-1
4017,11.4167070122222,0,a3,0,-1
4018,11.4333734872222,0,a3,0,-1
4019,11.4500403427778,0,a3,0,-1
4020,11.4667069205556,0,a3,0,-1
4021,11.4833734927778,0,a3,0,-1
4022,11.5000403816667,0,a3,0,-1
4023,11.51670694,0,a3,0,-1
4024,11.5333735733333,0,a3,0,-1
4025,11.5500406566667,0,a3,0,-1
4026,11.5667074566667,0,a3,0,-1
4027,11.5833744538889,0,a3,0,-1
4028,11.6000415011111,0,a3,0,-1
4029,11.6167080927778,0,a3,0,-1
4030,11.6333748733333,0,a3,0,-1
4031,11.6500414316667,0,a3,0,-1
4032,11.66670809,0,a3,0,-1
4033,11.6833746761111,0,a3,0,-1
4034,11.7000413872222,0,a3,0,-1
4035,11.716707965,0,a3,1,-1
4036,11.7333747733333,0,a3,1,-1
4037,11.750041465,0,a3,1,-1
4038,11.7667084233333,0,a3,1,-1
4039,11.783375265,0,a3,1,-1
4040,11.8000419344444,0,a3,1,-1
4041,11.8167084955556,0,a3,1,-1
4042,11.8333754094444,0,a3,1,-1
4043,11.8500419705556,0,a3,1,-1
4044,11.8667084788889,0,a3,1,-1
4045,11.8833753094444,0,a3,1,-1
4046,11.9000418733333,0,a3,1,-1
4047,11.9167086205556,0,a3,1,-1
4048,11.9333752816667,0,a3,1,-1
4049,11.9500418205556,0,a3,1,-1
4050,11.9667087622222,0,a3,1,-1
4051,11.9833754566667,0,a3,1,-1
4052,12.0000420761111,0,a3,1,-1
4053,12.0167084983333,0,a3,1,-1
4054,12.0333752205556,0,a3,1,-1
4055,12.0500423455556,0,a3,1,-1
4056,12.0667088094444,0,a3,1,-1
4057,12.0833757288889,0,a3,1,-1
4058,12.1000427705556,0,a3,1,-1
4059,12.1167095205556,0,a3,1,-1
4060,12.1333761761111,0,a3,1,-1
4061,12.1500427372222,0,a3,1,-1
4062,12.1667095483333,0,a3,1,-1
4063,12.1833761816667,0,a3,1,-1
4064,12.2000427372222,0,a3,1,-1
4065,12.2167093983333,0,a3,1,-1
4066,12.2333760872222,0,a3,1,-1
4067,12.2500427927778,0,a3,1,-1
4068,12.2667094427778,0,a3,1,-1
4069,12.2833764261111,0,a3,1,-1
4070,12.3000431872222,0,a3,1,-1
4071,12.3167099622222,0,a3,1,-1
4072,12.3333770177778,0,a3,1,-1
4073,12.3500437316667,0,a3,1,-1
4074,12.3667106594444,0,a3,1,-1
4075,12.38337719,0,a3,1,-1
4076,12.4000438372222,0,a3,1,-1
4077,12.4167106094444,0,a3,1,-1
4078,12.4333772594444,0,a3,1,-1
4079,12.4500439177778,0,a3,1,-1
4080,12.4667106927778,0,a3,1,-1
4081,12.4833773455556,0,a3,1,-1
4082,12.5000437872222,0,a3,1,-1
4083,12.5167104594444,0,a3,1,-1
4084,12.533377365,0,a3,1,-1
4085,12.5500439622222,0,a3,1,-1
4086,12.5667104344444,0,a3,1,-1
4087,12.58337714,0,a3,1,-1
4088,12.6000438677778,0,a3,1,-1
4089,12.6167104955556,0,a3,1,-1
4090,12.6333773538889,0,a3,1,-1
4091,12.6500437705556,0,a3,1,-1
4092,12.6667104261111,0,a3,1,-1
4093,12.6833771177778,0,a3,1,-1
4094,12.700044215,0,a3,1,-1
4095,12.7167107761111,0,a3,1,-1
4096,12.733377765,0,a3,1,-1
4097,12.7500447872222,0,a3,1,-1
4098,12.7667113761111,0,a3,1,-1
4099,12.7833783205556,0,a3,1,-1
4100,12.8000452622222,0,a3,1,-1
4101,12.8167120177778,0,a3,1,-1
4102,12.8333785761111,0,a3,1,-1
4103,12.8500452483333,0,a3,1,-1
4104,12.8667118511111,0,a3,1,-1
4105,12.8833784955556,0,a3,1,-1
4106,12.90004514,0,a3,1,-1
4107,12.9167119955556,0,a3,1,-1
4108,12.9333786011111,0,a3,1,-1
4109,12.9500453177778,0,a3,1,-1
4110,12.9667121594444,0,a3,1,-1
4111,12.9833793261111,0,a3,1,-1
4112,13.0000459538889,0,a3,1,-1
4113,13.0167127122222,0,a3,1,-1
4114,13.0333798233333,0,a3,1,-1
4115,13.0500462872222,0,a3,1,-1
4116,13.0667129872222,0,a3,1,-1
4117,13.0833799122222,0,a3,1,-1
4118,13.1000466566667,0,a3,1,-1
4119,13.1167133177778,0,a3,1,-1
4120,13.1333800038889,0,a3,1,-1
4121,13.1500470094444,0,a3,1,-1
4122,13.1667136761111,0,a3,1,-1
4123,13.1833803761111,0,a3,1,-1
4124,13.2000468872222,0,a3,1,-1
4125,13.2167137427778,0,a3,1,-1
4126,13.2333804011111,0,a3,1,-1
4127,13.2500468344444,0,a3,1,-1
4128,13.2667135011111,0,a3,1,-1
4129,13.2833805927778,0,a3,1,-1
4130,13.3000475816667,0,a3,1,-1
4131,13.3167143511111,0,a3,1,-1
4132,13.3333810927778,0,a3,1,-1
4133,13.3500477816667,0,a3,1,-1
4134,13.3667145927778,0,a3,1,-1
4135,13.3833811566667,0,a3,1,-1
4136,13.4000479066667,0,a3,1,-1
4137,13.4167142955556,0,a3,1,-1
4138,13.4333811177778,0,a3,1,-1
4139,13.4500478122222,0,a3,1,-1
4140,13.4667144594444,0,a3,1,-1
4141,13.48338099,0,a3,1,-1
4142,13.5000478844444,0,a3,1,-1
4143,13.5167143316667,0,a3,1,-1
4144,13.5333811066667,0,a3,1,-1
4145,13.5500478372222,0,a3,1,-1
4146,13.5667145538889,0,a3,1,-1
4147,13.5833814094444,0,a3,1,-1
4148,13.6000481955556,0,a3,1,-1
4149,13.6167146066667,0,a3,1,-1
4150,13.6333813233333,0,a3,1,-1
4151,13.6500481622222,0,a3,1,-1
4152,13.66671469,0,a3,1,-1
4153,13.6833814066667,0,a3,1,-1
4154,13.7000479261111,0,a3,1,-1
4155,13.7167146566667,0,a3,1,-1
4156,13.7333812955556,0,a3,1,-1
4157,13.7500481427778,0,a3,1,-1
4158,13.7667150955556,0,a3,1,-1
4159,13.7833816288889,0,a3,1,-1
4160,13.8000483038889,0,a3,1,-1
4161,13.8167149844444,0,a3,1,-1
4162,13.8333816566667,0,a3,1,-1
4163,13.8500484816667,0,a3,1,-1
4164,13.8667150066667,0,a3,1,-1
4165,13.88338169,0,a3,1,-1
4166,13.900048415,0,a3,1,-1
4167,13.9167150177778,0,a3,1,-1
4168,13.9333816177778,0,a3,1,-1
4169,13.9500482844444,0,a3,1,-1
4170,13.9667151011111,0,a3,1,-1
4171,13.9833815538889,0,a3,1,-1
4172,14.00004864,0,a3,1,-1
4173,14.0167153983333,0,a3,1,-1
4174,14.0333820788889,0,a3,1,-1
4175,14.050048615,0,a3,1,-1
4176,14.0667153844444,0,a3,1,-1
4177,14.0833823705556,0,a3,1,-1
4178,14.1000489816667,0,a3,1,-1
4179,14.1167155038889,0,a3,1,-1
4180,14.1333821511111,0,a3,1,-1
4181,14.1500487844444,0,a3,1,-1
4182,14.1667154844444,0,a3,1,-1
4183,14.1833821038889,0,a3,1,-1
4184,14.2000489622222,0,a3,1,-1
4185,14.2167157816667,0,a3,1,-1
4186,14.2333825094444,0,a3,1,-1
4187,14.2500491677778,0,a3,1,-1
4188,14.2667157511111,0,a3,1,-1
4189,14.283382465,0,a3,1,-1
4190,14.3000491372222,0,a3,1,-1
4191,14.3167159566667,0,a3,1,-1
4192,14.3333825983333,0,a3,1,-1
4193,14.3500490816667,0,a3,1,-1
4194,14.3667158538889,0,a3,1,-1
4195,14.3833825511111,0,a3,1,-1
4196,14.4000491011111,0,a3,1,-1
4197,14.4167157733333,0,a3,1,-1
4198,14.4333825316667,0,a3,1,-1
4199,14.4500490344444,0,a3,1,-1
4200,14.4667159205556,0,a3,1,-1
4201,14.4833824066667,0,a3,1,-1
4202,14.5000492816667,0,a3,1,-1
4203,14.5167157955556,0,a3,1,-1
4204,14.5333828177778,0,a3,1,-1
4205,14.5500495122222,0,a3,1,-1
4206,14.5667162538889,0,a3,1,-1
4207,14.5833827538889,0,a3,1,-1
4208,14.6000497372222,0,a3,1,-1
4209,14.6167163427778,0,a3,1,-1
4210,14.6333829538889,0,a3,1,-1
4211,14.65004984,0,a3,1,-1
4212,14.6667163011111,0,a3,1,-1
4213,14.6833829872222,0,a3,1,-1
4214,14.7000497788889,0,a3,1,-1
4215,14.7167162427778,0,a3,1,-1
4216,14.7333831566667,0,a3,1,-1
4217,14.7500496066667,0,a3,1,-1
4218,14.7667168038889,0,a3,1,-1
4219,14.7833834927778,0,a3,1,-1
4220,14.8000499455556,0,a3,1,-1
4221,14.8167169955556,0,a3,1,-1
4222,14.8333840344444,0,a3,1,-1
4223,14.8500513511111,0,a3,1,-1
4224,14.866717965,0,a3,1,-1
4225,14.8833851344444,0,a3,1,-1
4226,14.9000518566667,0,a3,1,-1
4227,14.9167186705556,0,a3,1,-1
4228,14.9333852094444,0,a3,1,-1
4229,14.9500519261111,0,a3,1,-1
4230,14.96671874,0,a3,1,-1
4231,14.9833855594444,0,a3,1,-1
4232,15.0000521233333,0,a3,1,-1
4233,15.0167188511111,0,a3,1,-1
4234,15.0333856983333,0,a3,1,-1
4235,15.0500523983333,0,a3,1,-1
4236,15.0667191816667,0,a3,1,-1
4237,15.0833859344444,0,a3,1,-1
4238,15.100052915,0,a3,1,-1
4239,15.1167194122222,0,a3,1,-1
4240,15.1333861316667,0,a3,1,-1
4241,15.1500527233333,0,a3,1,-1
4242,15.1667194594444,0,a3,1,-1
4243,15.1833859927778,0,a3,1,-1
4244,15.2000526677778,0,a3,1,-1
4245,15.2167193761111,0,a3,1,-1
4246,15.2333861705556,0,a3,1,-1
4247,15.2500527927778,0,a3,1,-1
4248,15.2667195816667,0,a3,1,-1
4249,15.2833862066667,0,a3,1,-1
4250,15.3000528205556,0,a3,1,-1
4251,15.3167195816667,0,a3,1,-1
4252,15.3333861788889,0,a3,1,-1
4253,15.3500528455556,0,a3,1,-1
4254,15.3667197288889,0,a3,1,-1
4255,15.38338649,0,a3,1,-1
4256,15.4000529316667,0,a3,1,-1
4257,15.4167196316667,0,a3,1,-1
4258,15.4333864872222,0,a3,1,-1
4259,15.4500529983333,0,a3,1,-1
4260,15.466719865,0,a3,1,-1
4261,15.4833865455556,0,a3,1,-1
4262,15.5000531288889,0,a3,1,-1
4263,15.5167198733333,0,a3,1,-1
4264,15.5333867983333,0,a3,1,-1
4265,15.5500535483333,0,a3,1,-1
4266,15.5667204094444,0,a3,1,-1
4267,15.5833869955556,0,a3,1,-1
4268,15.6000535261111,0,a3,1,-1
4269,15.616720365,0,a3,1,-1
4270,15.6333872483333,0,a3,1,-1
4271,15.6500539622222,0,a3,1,-1
4272,15.6667204733333,0,a3,1,-1
4273,15.6833872483333,0,a3,1,-1
4274,15.7000537872222,0,a3,1,-1
4275,15.7167205872222,0,a3,1,-1
4276,15.7333872927778,0,a3,1,-1
4277,15.7500539261111,0,a3,1,-1
4278,15.76672054,0,a3,1,-1
4279,15.7833872483333,0,a3,1,-1
4280,15.8000541066667,0,a3,1,-1
4281,15.8167209427778,0,a3,1,-1
4282,15.8333873872222,0,a3,1,-1
4283,15.8500542483333,0,a3,1,-1
4284,15.866720865,0,a3,1,-1
4285,15.8833874844444,0,a3,1,-1
4286,15.9000542983333,0,a3,1,-1
4287,15.9167208511111,0,a3,1,-1
4288,15.9333874066667,0,a3,1,-1
4289,15.950054215,0,a3,1,-1
4290,15.9667208511111,0,a3,1,-1
4291,15.9833873455556,0,a3,1,-1
4292,16.0000540483333,0,a3,1,-1
4293,16.0167208316667,0,a3,1,-1
4294,16.0333875261111,0,a3,1,-1
4295,16.0500542705556,0,a3,1,-1
4296,16.0667208372222,0,a3,1,-1
4297,16.0833879372222,0,a3,1,-1
4298,16.1000545566667,0,a3,1,-1
4299,16.1167214872222,0,a3,1,-1
4300,16.1333879594444,0,a3,1,-1
4301,16.1500545955556,0,a3,1,-1
4302,16.1667218205556,0,a3,1,-1
4303,16.1833882816667,0,a3,1,-1
4304,16.2000550705556,0,a3,1,-1
4305,16.2167216677778,0,a3,1,-1
4306,16.2333884094444,0,a3,1,-1
4307,16.2500551288889,0,a3,1,-1
4308,16.26672159,0,a3,1,-1
4309,16.2833884511111,0,a3,1,-1
4310,16.3000552233333,0,a3,1,-1
4311,16.3167220761111,0,a3,1,-1
4312,16.33338874,0,a3,1,-1
4313,16.3500557344444,0,a3,1,-1
4314,16.36672219,0,a3,1,-1
4315,16.3833892538889,0,a3,1,-1
4316,16.4000562233333,0,a3,1,-1
4317,16.4167228455556,0,a3,1,-1
4318,16.4333894427778,0,a3,1,-1
4319,16.4500561566667,0,a3,1,-1
4320,16.4667227927778,0,a3,1,-1
4321,16.4833894594444,0,a3,1,-1
4322,16.5000559733333,0,a3,1,-1
4323,16.5167228955556,0,a3,1,-1
4324,16.5333893566667,0,a3,1,-1
4325,16.5500561983333,0,a3,1,-1
4326,16.5667226566667,0,a3,1,-1
4327,16.5833895261111,0,a3,1,-1
4328,16.6000564427778,0,a3,1,-1
4329,16.61672339,0,a3,1,-1
4330,16.6333899233333,0,a3,1,-1
4331,16.6500567511111,0,a3,1,-1
4332,16.66672359,0,a3,1,-1
4333,16.683390665,0,a3,1,-1
4334,16.7000573011111,0,a3,1,-1
4335,16.7167238261111,0,a3,1,-1
4336,16.7333906011111,0,a3,1,-1
4337,16.7500570816667,0,a3,1,-1
4338,16.7667239677778,0,a3,1,-1
4339,16.7833910233333,0,a3,1,-1
4340,16.8000575122222,0,a3,1,-1
4341,16.8167242511111,0,a3,1,-1
4342,16.8333908622222,0,a3,1,-1
4343,16.8500574955556,0,a3,1,-1
4344,16.8667242233333,0,a3,1,-1
4345,16.8833909927778,0,a3,1,-1
4346,16.9000578677778,0,a3,1,-1
4347,16.9167243372222,0,a3,1,-1
4348,16.933391165,0,a3,1,-1
4349,16.9500578288889,0,a3,1,-1
4350,16.9667244038889,0,a3,1,-1
4351,16.9833912233333,0,a3,1,-1
4352,17.000057865,0,a3,1,-1
4353,17.0167243538889,0,a3,1,-1
4354,17.0333910788889,0,a3,1,-1
4355,17.0500577566667,0,a3,1,-1
4356,17.0667243427778,0,a3,1,-1
4357,17.0833910066667,0,a3,1,-1
4358,17.1000578511111,0,a3,1,-1
4359,17.1167243705556,0,a3,1,-1
4360,17.1333910177778,0,a3,1,-1
4361,17.150057865,0,a3,1,-1
4362,17.1667243038889,0,a3,1,-1
4363,17.18339114,0,a3,1,-1
4364,17.2000577955556,0,a3,1,-1
4365,17.2167245788889,0,a3,1,-1
4366,17.2333910427778,0,a3,1,-1
4367,17.2500581733333,0,a3,1,-1
4368,17.2667251288889,0,a3,1,-1
4369,17.2833915455556,0,a3,1,-1
4370,17.3000584511111,0,a3,1,-1
4371,17.3167253233333,0,a3,1,-1
4372,17.3333920233333,0,a3,1,-1
4373,17.3500587427778,0,a3,1,-1
4374,17.3667254483333,0,a3,1,-1
4375,17.3833926372222,0,a3,1,-1
4376,17.4000590705556,0,a3,1,-1
4377,17.4167257594444,0,a3,1,-1
4378,17.4333924677778,0,a3,1,-1
4379,17.45005904,0,a3,1,-1
4380,17.4667258761111,0,a3,1,-1
4381,17.4833924955556,0,a3,1,-1
4382,17.5000592733333,0,a3,1,-1
4383,17.5167260427778,0,a3,1,-1
4384,17.5333926733333,0,a3,1,-1
4385,17.5500595538889,0,a3,1,-1
4386,17.5667262233333,0,a3,1,-1
4387,17.5833929677778,0,a3,1,-1
4388,17.6000601094444,0,a3,1,-1
4389,17.6167267622222,0,a3,1,-1
4390,17.6333933538889,0,a3,1,-1
4391,17.6500603038889,0,a3,1,-1
4392,17.6667268594444,0,a3,1,-1
4393,17.6833940094444,0,a3,1,-1
4394,17.7000606483333,0,a3,1,-1
4395,17.7167271233333,0,a3,1,-1
4396,17.7333940011111,0,a3,1,-1
4397,17.750060515,0,a3,1,-1
4398,17.7667273038889,0,a3,1,-1
4399,17.7833938927778,0,a3,1,-1
4400,17.8000607594444,0,a3,1,-1
4401,17.8167274427778,0,a3,1,-1
4402,17.8333943066667,0,a3,1,-1
4403,17.85006084,0,a3,1,-1
4404,17.8667277538889,0,a3,1,-1
4405,17.8833944788889,0,a3,1,-1
4406,17.9000615122222,0,a3,1,-1
4407,17.9167279427778,0,a3,1,-1
4408,17.9333949983333,0,a3,1,-1
4409,17.9500617788889,0,a3,1,-1
4410,17.9667283205556,0,a3,1,-1
4411,17.9833950261111,0,a3,1,-1
4412,18.0000615705556,0,a3,1,-1
4413,18.0167283761111,0,a3,1,-1
4414,18.0333948983333,0,a3,1,-1
4415,18.0500618066667,0,a3,1,-1
4416,18.0667282705556,0,a3,1,-1
4417,18.0833954066667,0,a3,1,-1
4418,18.1000618427778,0,a3,1,-1
4419,18.1167286677778,0,a3,1,-1
4420,18.1333951844444,0,a3,1,-1
4421,18.1500621566667,0,a3,1,-1
4422,18.1667290066667,0,a3,1,-1
4423,18.1833954761111,0,a3,1,-1
4424,18.2000621011111,0,a3,1,-1
4425,18.2167289594444,0,a3,1,-1
4426,18.23339559,0,a3,1,-1
4427,18.2500621177778,0,a3,1,-1
4428,18.2667288316667,0,a3,1,-1
4429,18.2833956511111,0,a3,1,-1
4430,18.3000621677778,0,a3,1,-1
4431,18.3167291844444,0,a3,1,-1
4432,18.3333962122222,0,a3,1,-1
4433,18.3500628761111,0,a3,1,-1
4434,18.3667293955556,0,a3,1,-1
4435,18.3833963761111,0,a3,1,-1
4436,18.4000629816667,0,a3,1,-1
4437,18.4167299372222,0,a3,1,-1
4438,18.4333970038889,0,a3,1,-1
4439,18.4500634566667,0,a3,1,-1
4440,18.4667303122222,0,a3,1,-1
4441,18.4833969372222,0,a3,1,-1
4442,18.5000636594444,0,a3,1,-1
4443,18.5167302872222,0,a3,1,-1
4444,18.5333969566667,0,a3,1,-1
4445,18.5500640344444,0,a3,1,-1
4446,18.5667306761111,0,a3,1,-1
4447,18.5833973427778,0,a3,1,-1
4448,18.6000638538889,0,a3,1,-1
4449,18.6167307372222,0,a3,1,-1
4450,18.6333973511111,0,a3,1,-1
4451,18.6500641927778,0,a3,1,-1
4452,18.6667307122222,0,a3,1,-1
4453,18.68339754,0,a3,1,-1
4454,18.700064115,0,a3,1,-1
4455,18.7167309566667,0,a3,1,-1
4456,18.7333974122222,0,a3,1,-1
4457,18.7500642261111,0,a3,1,-1
4458,18.766730815,0,a3,1,-1
4459,18.7833974844444,0,a3,1,-1
4460,18.8000643233333,0,a3,1,-1
4461,18.8167310761111,0,a3,1,-1
4462,18.8333980705556,0,a3,1,-1
4463,18.85006464,0,a3,1,-1
4464,18.8667315011111,0,a3,1,-1
4465,18.8833979566667,0,a3,1,-1
4466,18.9000649538889,0,a3,1,-1
4467,18.9167317177778,0,a3,1,-1
4468,18.9333983483333,0,a3,1,-1
4469,18.9500651177778,0,a3,1,-1
4470,18.9667316261111,0,a3,1,-1
4471,18.9833982677778,0,a3,1,-1
4472,19.0000649622222,0,a3,1,-1
4473,19.0167317677778,0,a3,1,-1
4474,19.0333983205556,0,a3,1,-1
4475,19.0500651066667,0,a3,1,-1
4476,19.0667317733333,0,a3,1,-1
4477,19.083398715,0,a3,1,-1
4478,19.1000654261111,0,a3,1,-1
4479,19.1167318538889,0,a3,1,-1
4480,19.133398515,0,a3,1,-1
4481,19.1500653677778,0,a3,1,-1
4482,19.1667323427778,0,a3,1,-1
4483,19.1833988677778,0,a3,1,-1
4484,19.2000655733333,0,a3,1,-1
4485,19.2167322177778,0,a3,1,-1
4486,19.2333988205556,0,a3,1,-1
4487,19.2500655483333,0,a3,1,-1
4488,19.2667322094444,0,a3,1,-1
4489,19.2833987844444,0,a3,1,-1
4490,19.3000655511111,0,a3,1,-1
4491,19.3167321261111,0,a3,1,-1
4492,19.3333990511111,0,a3,1,-1
4493,19.3500659261111,0,a3,1,-1
4494,19.3667328872222,0,a3,1,-1
4495,19.3833997261111,0,a3,1,-1
4496,19.4000665983333,0,a3,1,-1
4497,19.4167335538889,0,a3,1,-1
4498,19.4334003927778,0,a3,1,-1
4499,19.4500668483333,0,a3,1,-1
4500,19.4667339594444,0,a3,1,-1
4501,19.4834004511111,0,a3,1,-1
4502,19.5000672038889,0,a3,1,-1
4503,19.5167338372222,0,a3,1,-1
4504,19.5334005761111,0,a3,1,-1
4505,19.5500675122222,0,a3,1,-1
4506,19.5667342066667,0,a3,1,-1
4507,19.5834010511111,0,a3,1,-1
4508,19.6000676983333,0,a3,1,-1
4509,19.6167343566667,0,a3,1,-1
4510,19.6334013872222,0,a3,1,-1
4511,19.6500681094444,0,a3,1,-1
4512,19.6667346983333,0,a3,1,-1
4513,19.6834017038889,0,a3,1,-1
4514,19.7000684927778,0,a3,1,-1
4515,19.7167350066667,0,a3,1,-1
4516,19.73340169,0,a3,1,-1
4517,19.7500682094444,0,a3,1,-1
4518,19.7667348511111,0,a3,1,-1
4519,19.7834016566667,0,a3,1,-1
4520,19.8000684566667,0,a3,1,-1
4521,19.8167349372222,0,a3,1,-1
4522,19.83340164,0,a3,1,-1
4523,19.8500686983333,0,a3,1,-1
4524,19.8667352427778,0,a3,1,-1
4525,19.8834019566667,0,a3,1,-1
4526,19.9000687705556,0,a3,1,-1
4527,19.9167355094444,0,a3,1,-1
4528,19.9334021205556,0,a3,1,-1
4529,19.9500689455556,0,a3,1,-1
4530,19.9667358566667,0,a3,1,-1
4531,19.9834025427778,0,a3,1,-1
4532,1.11667218208333,1,a3,1,1
4533,1.13333898652778,1,a3,1,1
4534,1.15000580652778,1,a3,1,1
4535,1.16667276347222,1,a3,1,1
4536,1.18333946736111,1,a3,1,1
4537,1.20000629430556,1,a3,1,1
4538,1.21667292597222,1,a3,1,1
4539,1.23333963847222,1,a3,1,1
4540,1.25000634375,1,a3,1,1
4541,1.26667302513889,1,a3,1,1
4542,1.28333966013889,1,a3,1,1
4543,1.30000674541667,1,a3,1,1
4544,1.31667343513889,1,a3,1,1
4545,1.33334027486111,1,a3,1,1
4546,1.35000715819444,1,a3,1,1
4547,1.36667392097222,1,a3,1,1
4548,1.38334086625,1,a3,1,1
4549,1.40000767013889,1,a3,1,1
4550,1.41667447902778,1,a3,1,1
4551,1.43334120347222,1,a3,1,1
4552,1.45000804180556,1,a3,1,1
4553,1.46667481708333,1,a3,1,1
4554,1.48334156291667,1,a3,1,1
4555,1.50000808819444,1,a3,1,1
4556,1.51667499125,1,a3,1,1
4557,1.53334153708333,1,a3,1,1
4558,1.55000810430556,1,a3,1,1
4559,1.56667475652778,1,a3,1,1
4560,1.58334163986111,1,a3,1,1
4561,1.60000839680556,1,a3,1,1
4562,1.61667518402778,1,a3,1,1
4563,1.63334193986111,1,a3,1,1
4564,1.65000877625,1,a3,1,1
4565,1.66667576291667,1,a3,1,1
4566,1.68334233902778,1,a3,1,1
4567,1.70000896652778,1,a3,1,1
4568,1.71667602208333,1,a3,1,1
4569,1.73334262430556,1,a3,1,1
4570,1.75000926680556,1,a3,1,1
4571,1.76667599069444,1,a3,1,1
4572,1.78334247569444,1,a3,1,1
4573,1.80000923097222,1,a3,1,1
4574,1.81667585097222,1,a3,1,1
4575,1.83334296736111,1,a3,1,1
4576,1.85000958347222,1,a3,1,1
4577,1.86667636958333,1,a3,1,1
4578,1.88334310263889,1,a3,1,1
4579,1.90000978902778,1,a3,1,1
4580,1.91667643930556,1,a3,1,1
4581,1.93334307986111,1,a3,1,1
4582,1.95001013708333,1,a3,1,1
4583,1.96667718569444,1,a3,1,1
4584,1.98334366291667,1,a3,1,1
4585,2.00001044208333,1,a3,1,1
4586,2.01667691652778,1,a3,1,1
4587,2.03334367597222,1,a3,1,1
4588,2.05001026236111,1,a3,1,1
4589,2.06667731152778,1,a3,1,1
4590,2.08334407708333,1,a3,1,1
4591,2.10001092347222,1,a3,1,1
4592,2.11667800847222,1,a3,1,1
4593,2.13334453597222,1,a3,1,1
4594,2.15001113847222,1,a3,1,1
4595,2.16667793513889,1,a3,1,1
4596,2.18334446902778,1,a3,1,1
4597,2.20001137902778,1,a3,1,1
4598,2.21667802791667,1,a3,1,1
4599,2.23334487069444,1,a3,1,1
4600,2.25001133291667,1,a3,1,1
4601,2.26667834069444,1,a3,1,1
4602,2.28334514236111,1,a3,1,1
4603,2.30001203541667,1,a3,1,1
4604,2.31667872930556,1,a3,1,1
4605,2.33334576152778,1,a3,1,1
4606,2.35001237652778,1,a3,1,1
4607,2.36667909847222,1,a3,1,1
4608,2.38334557708333,1,a3,1,1
4609,2.40001230847222,1,a3,1,1
4610,2.41667899097222,1,a3,1,1
4611,2.43334562541667,1,a3,1,1
4612,2.45001227430556,1,a3,1,1
4613,2.46667903125,1,a3,1,1
4614,2.48334595791667,1,a3,1,1
4615,2.50001271013889,1,a3,1,1
4616,2.51667921902778,1,a3,1,1
4617,2.53334594402778,1,a3,1,1
4618,2.55001252736111,1,a3,1,1
4619,2.56667933569444,1,a3,1,1
4620,2.58334630236111,1,a3,1,1
4621,2.60001292180556,1,a3,1,1
4622,2.61667956625,1,a3,1,1
4623,2.63334634680556,1,a3,1,1
4624,2.65001323013889,1,a3,1,1
4625,2.66667970236111,1,a3,1,1
4626,2.68334642180556,1,a3,1,1
4627,2.70001306902778,1,a3,1,1
4628,2.71667976902778,1,a3,1,1
4629,2.73334655236111,1,a3,1,1
4630,2.75001324125,1,a3,1,1
4631,2.76667991625,1,a3,1,1
4632,2.78334654958333,1,a3,1,1
4633,2.80001345791667,1,a3,1,1
4634,2.81668003013889,1,a3,1,1
4635,2.83334691069444,1,a3,1,1
4636,2.85001360791667,1,a3,1,1
4637,2.86668023291667,1,a3,1,1
4638,2.88334721347222,1,a3,1,1
4639,2.90001434402778,1,a3,1,1
4640,2.91668092180556,1,a3,1,1
4641,2.93334760513889,1,a3,1,1
4642,2.95001442736111,1,a3,1,1
4643,2.96668117180556,1,a3,1,1
4644,2.98334775236111,1,a3,1,1
4645,3.00001451902778,1,a3,1,1
4646,3.01668115791667,1,a3,1,1
4647,3.03334781625,1,a3,1,1
4648,3.05001440513889,1,a3,1,1
4649,3.06668135513889,1,a3,1,1
4650,3.08334823847222,1,a3,1,1
4651,3.10001512458333,1,a3,1,1
4652,3.11668168291667,1,a3,1,1
4653,3.13334856347222,1,a3,1,1
4654,3.15001528847222,1,a3,1,1
4655,3.16668228569444,1,a3,1,1
4656,3.18334918569444,1,a3,1,1
4657,3.20001592736111,1,a3,1,1
4658,3.21668244125,1,a3,1,1
4659,3.23334931069444,1,a3,1,1
4660,3.25001604680556,1,a3,1,1
4661,3.26668254680556,1,a3,1,1
4662,3.28334964402778,1,a3,1,1
4663,3.30001620513889,1,a3,1,1
4664,3.31668282458333,1,a3,1,1
4665,3.33334955791667,1,a3,1,1
4666,3.35001616902778,1,a3,1,1
4667,3.36668279680556,1,a3,1,1
4668,3.38334986069444,1,a3,1,1
4669,3.40001635791667,1,a3,1,1
4670,3.41668321625,1,a3,1,1
4671,3.43334977180556,1,a3,1,1
4672,3.45001643013889,1,a3,1,1
4673,3.46668317458333,1,a3,1,1
4674,3.48334984402778,1,a3,1,1
4675,3.50001648013889,1,a3,1,1
4676,3.51668319958333,1,a3,1,1
4677,3.53334986625,1,a3,1,1
4678,3.55001669958333,1,a3,1,1
4679,3.56668353013889,1,a3,1,1
4680,3.58334999402778,1,a3,1,1
4681,3.60001664958333,1,a3,1,1
4682,3.61668339680556,1,a3,1,1
4683,3.63335008291667,1,a3,1,1
4684,3.65001695236111,1,a3,1,1
4685,3.66668368013889,1,a3,1,1
4686,3.68335062458333,1,a3,1,1
4687,3.70001718847222,1,a3,1,1
4688,3.71668392458333,1,a3,1,1
4689,3.73335058847222,1,a3,1,1
4690,3.75001719402778,1,a3,1,1
4691,3.76668409680556,1,a3,1,1
4692,3.78335052736111,1,a3,1,1
4693,3.80001730513889,1,a3,1,1
4694,3.81668414402778,1,a3,1,1
4695,3.83335097458333,1,a3,1,1
4696,3.85001756625,1,a3,1,1
4697,3.86668446625,1,a3,1,1
4698,3.88335109680556,1,a3,1,1
4699,3.90001787736111,1,a3,1,1
4700,3.91668451347222,1,a3,1,1
4701,3.93335133847222,1,a3,1,1
4702,3.95001781347222,1,a3,1,1
4703,3.96668458291667,1,a3,1,1
4704,3.98335104958333,1,a3,1,1
4705,4.00001799958333,1,a3,1,1
4706,4.01668485513889,1,a3,1,1
4707,4.03335151347222,1,a3,1,1
4708,4.05001817458333,1,a3,1,1
4709,4.06668489958333,1,a3,1,1
4710,4.08335134958333,1,a3,1,1
4711,4.10001826069444,1,a3,1,1
4712,4.11668474680556,1,a3,1,1
4713,4.13335136069444,1,a3,1,1
4714,4.15001820236111,1,a3,1,1
4715,4.16668468291667,1,a3,1,1
4716,4.18335151347222,1,a3,1,1
4717,4.20001818013889,1,a3,1,1
4718,4.21668507736111,1,a3,1,1
4719,4.23335174958333,1,a3,1,1
4720,4.25001828569444,1,a3,1,1
4721,4.26668538291667,1,a3,1,1
4722,4.28335243013889,1,a3,1,1
4723,4.30001928847222,1,a3,1,1
4724,4.31668605236111,1,a3,1,1
4725,4.33335254125,1,a3,1,1
4726,4.35001926069444,1,a3,1,1
4727,4.36668582458333,1,a3,1,1
4728,4.38335294680556,1,a3,1,1
4729,4.40001941902778,1,a3,1,1
4730,4.41668626347222,1,a3,1,1
4731,4.43335277458333,1,a3,1,1
4732,4.45001959402778,1,a3,1,1
4733,4.46668631069444,1,a3,1,1
4734,4.48335275791667,1,a3,1,1
4735,4.50001988847222,1,a3,1,1
4736,4.51668648013889,1,a3,1,1
4737,4.53335323847222,1,a3,1,1
4738,4.55002001625,1,a3,1,1
4739,4.56668707736111,1,a3,1,1
4740,4.58335388847222,1,a3,1,1
4741,4.60002075236111,1,a3,1,1
4742,4.61668747736111,1,a3,1,1
4743,4.63335428291667,1,a3,1,1
4744,4.65002081625,1,a3,1,1
4745,4.66668782736111,1,a3,1,1
4746,4.68335441069444,1,a3,1,1
4747,4.70002131347222,1,a3,1,1
4748,4.71668789125,1,a3,1,1
4749,4.73335445236111,1,a3,1,1
4750,4.75002117458333,1,a3,1,1
4751,4.76668777458333,1,a3,1,1
4752,4.78335458569445,1,a3,1,1
4753,4.80002114680556,1,a3,1,1
4754,4.81668817180556,1,a3,1,1
4755,4.83335492180556,1,a3,1,1
4756,4.85002138569444,1,a3,1,1
4757,4.86668824958333,1,a3,1,1
4758,4.88335497180555,1,a3,1,1
4759,4.90002179402778,1,a3,1,1
4760,4.91668838291667,1,a3,1,1
4761,4.93335495236111,1,a3,1,1
4762,4.95002174958333,1,a3,1,1
4763,4.96668863847222,1,a3,1,1
4764,4.98335573013889,1,a3,1,1
4765,5.00002256347222,1,a3,1,1
4766,5.01668908569444,1,a3,1,1
4767,5.03335560513889,1,a3,1,1
4768,5.05002232736111,1,a3,1,1
4769,5.06668924402778,1,a3,1,1
4770,5.08335626625,1,a3,1,1
4771,5.10002284958333,1,a3,1,1
4772,5.11668952736111,1,a3,1,1
4773,5.13335621625,1,a3,1,1
4774,5.15002272736111,1,a3,1,1
4775,5.16668945236111,1,a3,1,1
4776,5.18335624402778,1,a3,1,1
4777,5.20002297458333,1,a3,1,1
4778,5.21668971069444,1,a3,1,1
4779,5.23335659402778,1,a3,1,1
4780,5.25002323291667,1,a3,1,1
4781,5.26668989402778,1,a3,1,1
4782,5.28335640513889,1,a3,1,1
4783,5.30002313847222,1,a3,1,1
4784,5.31669032458333,1,a3,1,1
4785,5.33335689680556,1,a3,1,1
4786,5.35002374680556,1,a3,1,1
4787,5.36669035513889,1,a3,1,1
4788,5.38335729125,1,a3,1,1
4789,5.40002414958333,1,a3,1,1
4790,5.41669086069444,1,a3,1,1
4791,5.43335747736111,1,a3,1,1
4792,5.45002462458333,1,a3,1,1
4793,5.46669148013889,1,a3,1,1
4794,5.48335824680556,1,a3,1,1
4795,5.50002473847222,1,a3,1,1
4796,5.51669151902778,1,a3,1,1
4797,5.53335811625,1,a3,1,1
4798,5.55002468569444,1,a3,1,1
4799,5.56669132736111,1,a3,1,1
4800,5.58335850791667,1,a3,1,1
4801,5.60002498013889,1,a3,1,1
4802,5.61669190513889,1,a3,1,1
4803,5.63335838013889,1,a3,1,1
4804,5.65002513847222,1,a3,1,1
4805,5.66669216625,1,a3,1,1
4806,5.68335871347222,1,a3,1,1
4807,5.70002547458333,1,a3,1,1
4808,5.71669198569444,1,a3,1,1
4809,5.73335868291667,1,a3,1,1
4810,5.75002532458333,1,a3,1,1
4811,5.76669213291667,1,a3,1,1
4812,5.78335863013889,1,a3,1,1
4813,5.80002559958333,1,a3,1,1
4814,5.81669259125,1,a3,1,1
4815,5.83335924680556,1,a3,1,1
4816,5.85002605513889,1,a3,1,1
4817,5.86669294402778,1,a3,1,1
4818,5.88335955236111,1,a3,1,1
4819,5.90002604125,1,a3,1,1
4820,5.91669292458333,1,a3,1,1
4821,5.93335972736111,1,a3,1,1
4822,5.95002662736111,1,a3,1,1
4823,5.96669377458333,1,a3,1,1
4824,5.98336070791667,1,a3,1,1
4825,6.00002749958333,1,a3,1,1
4826,6.01669421625,1,a3,1,1
4827,6.03336087180556,1,a3,1,1
4828,6.05002770513889,1,a3,1,1
4829,6.06669454958333,1,a3,1,1
4830,6.08336161069444,1,a3,1,1
4831,6.10002813569445,1,a3,1,1
4832,6.11669479958333,1,a3,1,1
4833,6.13336148569444,1,a3,1,1
4834,6.15002813013889,1,a3,1,1
4835,6.16669469680556,1,a3,1,1
4836,6.18336168847222,1,a3,1,1
4837,6.20002851069444,1,a3,1,1
4838,6.21669546625,1,a3,1,1
4839,6.23336199402778,1,a3,1,1
4840,6.25002893291667,1,a3,1,1
4841,6.26669579958333,1,a3,1,1
4842,6.28336240791667,1,a3,1,1
4843,6.30002887458333,1,a3,1,1
4844,6.31669557736111,1,a3,1,1
4845,6.33336272458333,1,a3,1,1
4846,6.35002934125,1,a3,1,1
4847,6.36669581625,1,a3,1,1
4848,6.38336270513889,1,a3,1,1
4849,6.40002916347222,1,a3,1,1
4850,6.41669622180556,1,a3,1,1
4851,6.43336293847222,1,a3,1,1
4852,6.45002972736111,1,a3,1,1
4853,6.46669637458333,1,a3,1,1
4854,6.48336314125,1,a3,1,1
4855,6.50002975513889,1,a3,1,1
4856,6.51669678013889,1,a3,1,1
4857,6.53336331902778,1,a3,1,1
4858,6.55003006347222,1,a3,1,1
4859,6.56669689680556,1,a3,1,1
4860,6.58336339125,1,a3,1,1
4861,6.60002996069444,1,a3,1,1
4862,6.61669709680556,1,a3,1,1
4863,6.63336374402778,1,a3,1,1
4864,6.65003034125,1,a3,1,1
4865,6.66669725236111,1,a3,1,1
4866,6.68336387180556,1,a3,1,1
4867,6.70003064958333,1,a3,1,1
4868,6.71669720791667,1,a3,1,1
4869,6.73336437458333,1,a3,1,1
4870,6.75003083847222,1,a3,1,1
4871,6.76669752180556,1,a3,1,1
4872,6.78336421625,1,a3,1,1
4873,6.80003098847222,1,a3,1,1
4874,6.81669773847222,1,a3,1,1
4875,6.83336441902778,1,a3,1,1
4876,6.85003102736111,1,a3,1,1
4877,6.86669749402778,1,a3,1,1
4878,6.88336422180556,1,a3,1,1
4879,6.90003094402778,1,a3,1,1
4880,6.91669754125,1,a3,1,1
4881,6.93336440791667,1,a3,1,1
4882,6.95003112458333,1,a3,1,1
4883,6.96669821069444,1,a3,1,1
4884,6.98336484125,1,a3,1,1
4885,7.00003151902778,1,a3,1,1
4886,7.01669806069444,1,a3,1,1
4887,7.03336483569444,1,a3,1,1
4888,7.05003146347222,1,a3,1,1
4889,7.06669809680556,1,a3,1,1
4890,7.08336481902778,1,a3,1,1
4891,7.10003173291667,1,a3,1,1
4892,7.11669823847222,1,a3,1,1
4893,7.13336487736111,1,a3,1,1
4894,7.15003145236111,1,a3,1,1
4895,7.16669808569444,1,a3,1,1
4896,7.18336515513889,1,a3,1,1
4897,7.20003170236111,1,a3,1,1
4898,7.21669827180556,1,a3,1,1
4899,7.23336540791667,1,a3,1,1
4900,7.25003203013889,1,a3,1,1
4901,7.26669886347222,1,a3,1,1
4902,7.28336550791667,1,a3,1,1
4903,7.30003268569444,1,a3,1,1
4904,7.31669928013889,1,a3,1,1
4905,7.33336593291667,1,a3,1,1
4906,7.35003272736111,1,a3,1,1
4907,7.36669953847222,1,a3,1,1
4908,7.38336611347222,1,a3,1,1
4909,7.40003314125,1,a3,1,1
4910,7.41669965791667,1,a3,1,1
4911,7.43336662458333,1,a3,1,1
4912,7.45003365236111,1,a3,1,1
4913,7.46670032736111,1,a3,1,1
4914,7.48336730791667,1,a3,1,1
4915,7.50003408013889,1,a3,1,1
4916,7.51670064958333,1,a3,1,1
4917,7.53336730513889,1,a3,1,1
4918,7.55003392736111,1,a3,1,1
4919,7.56670074125,1,a3,1,1
4920,7.58336724680556,1,a3,1,1
4921,7.60003419680556,1,a3,1,1
4922,7.61670101347222,1,a3,1,1
4923,7.63336766902778,1,a3,1,1
4924,7.65003454402778,1,a3,1,1
4925,7.66670129402778,1,a3,1,1
4926,7.68336811347222,1,a3,1,1
4927,7.70003470791667,1,a3,1,1
4928,7.71670151347222,1,a3,1,1
4929,7.73336813291667,1,a3,1,1
4930,7.75003497458333,1,a3,1,1
4931,7.76670160513889,1,a3,1,1
4932,7.78336844680556,1,a3,1,1
4933,7.80003523291667,1,a3,1,1
4934,7.81670191902778,1,a3,1,1
4935,7.83336878291667,1,a3,1,1
4936,7.85003573291667,1,a3,1,1
4937,7.86670231902778,1,a3,1,1
4938,7.88336923569445,1,a3,1,1
4939,7.90003582736111,1,a3,1,1
4940,7.91670284402778,1,a3,1,1
4941,7.93336985513889,1,a3,1,1
4942,7.95003665513889,1,a3,1,1
4943,7.96670319958333,1,a3,1,1
4944,7.98336987458333,1,a3,1,1
4945,8.00003650513889,1,a3,1,1
4946,8.01670317180556,1,a3,1,1
4947,8.03336978569444,1,a3,1,1
4948,8.05003641902778,1,a3,1,1
4949,8.06670331069444,1,a3,1,1
4950,8.08337046902778,1,a3,1,1
4951,8.10003698847222,1,a3,1,1
4952,8.11670397458333,1,a3,1,1
4953,8.13337089402778,1,a3,1,1
4954,8.15003753013889,1,a3,1,1
4955,8.16670436347222,1,a3,1,1
4956,8.18337125236111,1,a3,1,1
4957,8.20003787458333,1,a3,1,1
4958,8.21670447458333,1,a3,1,1
4959,8.23337108013889,1,a3,1,1
4960,8.25003787458333,1,a3,1,1
4961,8.26670451347222,1,a3,1,1
4962,8.28337144680556,1,a3,1,1
4963,8.30003814680556,1,a3,1,1
4964,8.31670501625,1,a3,1,1
4965,8.33337136902778,1,a3,1,1
4966,8.35003833291667,1,a3,1,1
4967,8.36670506069444,1,a3,1,1
4968,8.38337206069444,1,a3,1,1
4969,8.40003843569444,1,a3,1,1
4970,8.41670505791667,1,a3,1,1
4971,8.43337168291667,1,a3,1,1
4972,8.45003878569444,1,a3,1,1
4973,8.46670549402778,1,a3,1,1
4974,8.48337209125,1,a3,1,1
4975,8.50003885791667,1,a3,1,1
4976,8.51670541069444,1,a3,1,1
4977,8.53337208847222,1,a3,1,1
4978,8.55003892458333,1,a3,1,1
4979,8.56670577736111,1,a3,1,1
4980,8.58337225236111,1,a3,1,1
4981,8.60003898847222,1,a3,1,1
4982,8.61670568291667,1,a3,1,1
4983,8.63337268847222,1,a3,1,1
4984,8.65003943291667,1,a3,1,1
4985,8.66670613291667,1,a3,1,1
4986,8.68337297180556,1,a3,1,1
4987,8.70003966069445,1,a3,1,1
4988,8.71670654402778,1,a3,1,1
4989,8.73337313013889,1,a3,1,1
4990,8.75003979125,1,a3,1,1
4991,8.76670680513889,1,a3,1,1
4992,8.78337353291667,1,a3,1,1
4993,8.80004008013889,1,a3,1,1
4994,8.81670664125,1,a3,1,1
4995,8.83337334402778,1,a3,1,1
4996,8.85004005236111,1,a3,1,1
4997,8.86670663569445,1,a3,1,1
4998,8.88337344125,1,a3,1,1
4999,8.90004007180555,1,a3,1,1
5000,8.91670689958333,1,a3,1,1
5001,8.93337367736111,1,a3,1,1
5002,8.95004041347222,1,a3,1,1
5003,8.96670732458333,1,a3,1,1
5004,8.98337395236111,1,a3,1,1
5005,9.00004065236111,1,a3,1,1
5006,9.01670754958333,1,a3,1,1
5007,9.03337430236111,1,a3,1,1
5008,9.05004082180556,1,a3,1,1
5009,9.06670753569444,1,a3,1,1
5010,9.08337419125,1,a3,1,1
5011,9.10004133847222,1,a3,1,1
5012,9.11670789958333,1,a3,1,1
5013,9.13337456625,1,a3,1,1
5014,9.15004109958333,1,a3,1,1
5015,9.16670822180556,1,a3,1,1
5016,9.18337473569444,1,a3,1,1
5017,9.20004168013889,1,a3,1,1
5018,9.21670812180556,1,a3,1,1
5019,9.23337480791667,1,a3,1,1
5020,9.25004164125,1,a3,1,1
5021,9.26670869402778,1,a3,1,1
5022,9.28337573569444,1,a3,1,1
5023,9.30004216902778,1,a3,1,1
5024,9.31670903013889,1,a3,1,1
5025,9.33337579680556,1,a3,1,1
5026,9.35004266347222,1,a3,1,1
5027,9.36670938569444,1,a3,1,1
5028,9.38337595236111,1,a3,1,1
5029,9.40004263013889,1,a3,1,1
5030,9.41670932180556,1,a3,1,1
5031,9.43337605236111,1,a3,1,1
5032,9.45004284125,1,a3,1,1
5033,9.46670958291667,1,a3,1,1
5034,9.48337613291667,1,a3,1,1
5035,9.50004273847222,1,a3,1,1
5036,9.51670957736111,1,a3,1,1
5037,9.53337661069444,1,a3,1,1
5038,9.55004342180555,1,a3,1,1
5039,9.56671018569444,1,a3,1,1
5040,9.58337674402778,1,a3,1,1
5041,9.60004348291667,1,a3,1,1
5042,9.61671024402778,1,a3,1,1
5043,9.63337676625,1,a3,1,1
5044,9.65004383847222,1,a3,1,1
5045,9.66671068569444,1,a3,1,1
5046,9.68337714680556,1,a3,1,1
5047,9.70004361069445,1,a3,1,1
5048,9.71671047458333,1,a3,1,1
5049,9.73337701347222,1,a3,1,1
5050,9.75004360791667,1,a3,1,1
5051,9.76671076625,1,a3,1,1
5052,9.78337745513889,1,a3,1,1
5053,9.80004402458333,1,a3,1,1
5054,9.81671095791667,1,a3,1,1
5055,9.83337756625,1,a3,1,1
5056,9.85004444402778,1,a3,1,1
5057,9.86671121069444,1,a3,1,1
5058,9.88337783291667,1,a3,1,1
5059,9.90004455791667,1,a3,1,1
5060,9.91671121347222,1,a3,1,1
5061,9.93337784680556,1,a3,1,1
5062,9.95004455513889,1,a3,1,1
5063,9.96671125513889,1,a3,1,1
5064,9.98337805513889,1,a3,1,1
5065,10.0000449384722,1,a3,1,1
5066,10.0167115190278,1,a3,1,1
5067,10.0333781245833,1,a3,1,1
5068,10.0500451718056,1,a3,1,1
5069,10.0667116579167,1,a3,1,1
5070,10.0833785968056,1,a3,1,1
5071,10.1000454690278,1,a3,1,1
5072,10.11671204125,1,a3,1,1
5073,10.1333786218056,1,a3,1,1
5074,10.1500454856944,1,a3,1,1
5075,10.16671194125,1,a3,1,1
5076,10.1833787106944,1,a3,1,1
5077,10.2000453218056,1,a3,1,1
5078,10.2167122718056,1,a3,1,1
5079,10.2333787329167,1,a3,1,1
5080,10.2500453634722,1,a3,1,1
5081,10.2667123801389,1,a3,1,1
5082,10.2833793273611,1,a3,1,1
5083,10.3000459051389,1,a3,1,1
5084,10.3167124523611,1,a3,1,1
5085,10.3333792218056,1,a3,1,1
5086,10.3500461329167,1,a3,1,1
5087,10.3667131579167,1,a3,1,1
5088,10.3833801079167,1,a3,1,1
5089,10.40004664125,1,a3,1,1
5090,10.4167135245833,1,a3,1,1
5091,10.4333800356944,1,a3,1,1
5092,10.4500467134722,1,a3,1,1
5093,10.4667134495833,1,a3,1,1
5094,10.4833803356944,1,a3,1,1
5095,10.50004694125,1,a3,1,1
5096,10.5167137801389,1,a3,1,1
5097,10.53338069125,1,a3,1,1
5098,10.5500472773611,1,a3,1,1
5099,10.5667140829167,1,a3,1,1
5100,10.5833806468056,1,a3,1,1
5101,10.60004759125,1,a3,1,1
5102,10.6167142106944,1,a3,1,1
5103,10.6333808301389,1,a3,1,1
5104,10.6500476718056,1,a3,1,1
5105,10.6667144801389,1,a3,1,1
5106,10.6833808301389,1,a3,1,1
5107,10.7000475134722,1,a3,1,1
5108,10.71671424125,1,a3,1,1
5109,10.7333811134722,1,a3,1,1
5110,10.7500475190278,1,a3,1,1
5111,10.76671459125,1,a3,1,1
5112,10.7833812773611,1,a3,1,1
5113,10.8000480440278,1,a3,1,1
5114,10.8167147829167,1,a3,1,1
5115,10.8333817968056,1,a3,1,1
5116,10.8500483968056,1,a3,1,1
5117,10.8667150273611,1,a3,1,1
5118,10.8833817245833,1,a3,1,1
5119,10.9000483551389,1,a3,1,1
5120,10.9167149829167,1,a3,1,1
5121,10.93338179125,1,a3,1,1
5122,10.95004834125,1,a3,1,1
5123,10.96671516625,1,a3,1,1
5124,10.9833816134722,1,a3,1,1
5125,11.0000483995833,1,a3,1,1
5126,11.0167151551389,1,a3,1,1
5127,11.0333816718056,1,a3,1,1
5128,11.0500487690278,1,a3,1,1
5129,11.0667154051389,1,a3,1,1
5130,11.0833821579167,1,a3,1,1
5131,11.1000485856944,1,a3,1,1
5132,11.1167152995833,1,a3,1,1
5133,11.1333820440278,1,a3,1,1
5134,11.1500486273611,1,a3,1,1
5135,11.16671574125,1,a3,1,1
5136,11.1833824079167,1,a3,1,1
5137,11.2000489356944,1,a3,1,1
5138,11.2167156134722,1,a3,1,1
5139,11.23338226625,1,a3,1,1
5140,11.25004899125,1,a3,1,1
5141,11.2667156579167,1,a3,1,1
5142,11.2833822523611,1,a3,1,1
5143,11.3000490745833,1,a3,1,1
5144,11.3167159995833,1,a3,1,1
5145,11.3333826273611,1,a3,1,1
5146,11.3500492606944,1,a3,1,1
5147,11.3667157968056,1,a3,1,1
5148,11.3833826884722,1,a3,1,1
5149,11.4000492940278,1,a3,1,1
5150,11.4167159856944,1,a3,1,1
5151,11.43338266625,1,a3,1,1
5152,11.4500491495833,1,a3,1,1
5153,11.4667158190278,1,a3,1,1
5154,11.4833825356944,1,a3,1,1
5155,11.5000493551389,1,a3,1,1
5156,11.5167158690278,1,a3,1,1
5157,11.53338249125,1,a3,1,1
5158,11.5500492995833,1,a3,1,1
5159,11.5667162690278,1,a3,1,1
5160,11.5833829329167,1,a3,1,1
5161,11.6000495384722,1,a3,1,1
5162,11.6167161329167,1,a3,1,1
5163,11.6333832273611,1,a3,1,1
5164,11.6500499134722,1,a3,1,1
5165,11.6667168106944,1,a3,1,1
5166,11.6833833190278,1,a3,1,1
5167,11.7000502106944,1,a3,1,1
5168,11.7167167829167,1,a3,1,1
5169,11.7333833190278,1,a3,1,1
5170,11.7500501218056,1,a3,1,1
5171,11.7667168134722,1,a3,1,1
5172,11.7833834523611,1,a3,1,1
5173,11.8000500190278,1,a3,1,1
5174,11.81671679125,1,a3,1,1
5175,11.8333833468056,1,a3,1,1
5176,11.8500503745833,1,a3,1,1
5177,11.8667173440278,1,a3,1,1
5178,11.8833839356944,1,a3,1,1
5179,11.9000507329167,1,a3,1,1
5180,11.9167174384722,1,a3,1,1
5181,11.9333839079167,1,a3,1,1
5182,11.9500507190278,1,a3,1,1
5183,11.9667174106944,1,a3,1,1
5184,11.9833840718056,1,a3,1,1
5185,12.0000505690278,1,a3,1,1
5186,12.0167173329167,1,a3,1,1
5187,12.0333839801389,1,a3,1,1
5188,12.0500508718056,1,a3,1,1
5189,12.0667178329167,1,a3,1,1
5190,12.0833846940278,1,a3,1,1
5191,12.1000513523611,1,a3,1,1
5192,12.1167178884722,1,a3,1,1
5193,12.1333847495833,1,a3,1,1
5194,12.1500513884722,1,a3,1,1
5195,12.1667181329167,1,a3,1,1
5196,12.1833850329167,1,a3,1,1
5197,12.2000520773611,1,a3,1,1
5198,12.2167187301389,1,a3,1,1
5199,12.2333852773611,1,a3,1,1
5200,12.2500519968056,1,a3,1,1
5201,12.2667186968056,1,a3,1,1
5202,12.2833855773611,1,a3,1,1
5203,12.3000524690278,1,a3,1,1
5204,12.3167191468056,1,a3,1,1
5205,12.3333859829167,1,a3,1,1
5206,12.3500529384722,1,a3,1,1
5207,12.3667198745833,1,a3,1,1
5208,12.3833865468056,1,a3,1,1
5209,12.4000534301389,1,a3,1,1
5210,12.4167200051389,1,a3,1,1
5211,12.4333866301389,1,a3,1,1
5212,12.4500535273611,1,a3,1,1
5213,12.4667204856944,1,a3,1,1
5214,12.4833869634722,1,a3,1,1
5215,12.5000537134722,1,a3,1,1
5216,12.5167201995833,1,a3,1,1
5217,12.5333870468056,1,a3,1,1
5218,12.5500537523611,1,a3,1,1
5219,12.5667204523611,1,a3,1,1
5220,12.5833869801389,1,a3,1,1
5221,12.6000537523611,1,a3,1,1
5222,12.6167206690278,1,a3,1,1
5223,12.6333874968056,1,a3,1,1
5224,12.6500543884722,1,a3,1,1
5225,12.6667208468056,1,a3,1,1
5226,12.6833877218056,1,a3,1,1
5227,12.7000543023611,1,a3,1,1
5228,12.7167210190278,1,a3,1,1
5229,12.7333874551389,1,a3,1,1
5230,12.7500543634722,1,a3,1,1
5231,12.7667209356944,1,a3,1,1
5232,12.7833877384722,1,a3,1,1
5233,12.8000542995833,1,a3,1,1
5234,12.8167208606944,1,a3,1,1
5235,12.8333875468056,1,a3,1,1
5236,12.8500541995833,1,a3,1,1
5237,12.8667208884722,1,a3,1,1
5238,12.8833876829167,1,a3,1,1
5239,12.9000543440278,1,a3,1,1
5240,12.9167211551389,1,a3,1,1
5241,12.9333877801389,1,a3,1,1
5242,12.9500543579167,1,a3,1,1
5243,12.9667211884722,1,a3,1,1
5244,12.9833879301389,1,a3,1,1
5245,13.0000544773611,1,a3,1,1
5246,13.0167210634722,1,a3,1,1
5247,13.0333878329167,1,a3,1,1
5248,13.0500549245833,1,a3,1,1
5249,13.0667214829167,1,a3,1,1
5250,13.0833880218056,1,a3,1,1
5251,13.1000547384722,1,a3,1,1
5252,13.1167217273611,1,a3,1,1
5253,13.1333884384722,1,a3,1,1
5254,13.1500551051389,1,a3,1,1
5255,13.1667217273611,1,a3,1,1
5256,13.1833885051389,1,a3,1,1
5257,13.2000551273611,1,a3,1,1
5258,13.2167218245833,1,a3,1,1
5259,13.23338844125,1,a3,1,1
5260,13.25005504125,1,a3,1,1
5261,13.2667220273611,1,a3,1,1
5262,13.2833887079167,1,a3,1,1
5263,13.30005539125,1,a3,1,1
5264,13.3167219940278,1,a3,1,1
5265,13.3333886523611,1,a3,1,1
5266,13.3500554523611,1,a3,1,1
5267,13.3667221273611,1,a3,1,1
5268,13.3833887606944,1,a3,1,1
5269,13.4000557634722,1,a3,1,1
5270,13.4167223634722,1,a3,1,1
5271,13.4333891440278,1,a3,1,1
5272,13.4500556190278,1,a3,1,1
5273,13.4667222884722,1,a3,1,1
5274,13.4833889356944,1,a3,1,1
5275,13.5000555023611,1,a3,1,1
5276,13.5167226968056,1,a3,1,1
5277,13.5333893745833,1,a3,1,1
5278,13.5500559579167,1,a3,1,1
5279,13.5667225079167,1,a3,1,1
5280,13.5833892718056,1,a3,1,1
5281,13.6000558106944,1,a3,1,1
5282,13.6167225745833,1,a3,1,1
5283,13.63338939125,1,a3,1,1
5284,13.6500560106944,1,a3,1,1
5285,13.6667226356944,1,a3,1,1
5286,13.6833892384722,1,a3,1,1
5287,13.7000559495833,1,a3,1,1
5288,13.7167226856944,1,a3,1,1
5289,13.7333895051389,1,a3,1,1
5290,13.7500566273611,1,a3,1,1
5291,13.7667230884722,1,a3,1,1
5292,13.7833899995833,1,a3,1,1
5293,13.8000568440278,1,a3,1,1
5294,13.8167233634722,1,a3,1,1
5295,13.8333902218056,1,a3,1,1
5296,13.8500566468056,1,a3,1,1
5297,13.8667235606944,1,a3,1,1
5298,13.8833901218056,1,a3,1,1
5299,13.9000566718056,1,a3,1,1
5300,13.9167233356944,1,a3,1,1
5301,13.9333903329167,1,a3,1,1
5302,13.9500569523611,1,a3,1,1
5303,13.9667238051389,1,a3,1,1
5304,13.9833906023611,1,a3,1,1
5305,14.0000571634722,1,a3,1,1
5306,14.0167241940278,1,a3,1,1
5307,14.0333912829167,1,a3,1,1
5308,14.0500578134722,1,a3,1,1
5309,14.0667246301389,1,a3,1,1
5310,14.0833911606944,1,a3,1,1
5311,14.10005779125,1,a3,1,1
5312,14.1167244773611,1,a3,1,1
5313,14.1333913023611,1,a3,1,1
5314,14.1500579801389,1,a3,1,1
5315,14.1667244634722,1,a3,1,1
5316,14.1833914968056,1,a3,1,1
5317,14.2000581468056,1,a3,1,1
5318,14.2167249356944,1,a3,1,1
5319,14.2333914440278,1,a3,1,1
5320,14.2500581329167,1,a3,1,1
5321,14.2667250190278,1,a3,1,1
5322,14.2833920218056,1,a3,1,1
5323,14.3000587079167,1,a3,1,1
5324,14.3167257495833,1,a3,1,1
5325,14.3333921856944,1,a3,1,1
5326,14.3500590190278,1,a3,1,1
5327,14.3667257245833,1,a3,1,1
5328,14.3833922940278,1,a3,1,1
5329,14.4000588218056,1,a3,1,1
5330,14.4167260356944,1,a3,1,1
5331,14.4333925440278,1,a3,1,1
5332,14.4500591745833,1,a3,1,1
5333,14.46672584125,1,a3,1,1
5334,14.4833925718056,1,a3,1,1
5335,14.50005939125,1,a3,1,1
5336,14.51672586625,1,a3,1,1
5337,14.5333929023611,1,a3,1,1
5338,14.55005954125,1,a3,1,1
5339,14.5667263134722,1,a3,1,1
5340,14.5833928468056,1,a3,1,1
5341,14.6000596356944,1,a3,1,1
5342,14.6167264606944,1,a3,1,1
5343,14.6333935301389,1,a3,1,1
5344,14.65006011625,1,a3,1,1
5345,14.66672666625,1,a3,1,1
5346,14.6833933606944,1,a3,1,1
5347,14.7000601690278,1,a3,1,1
5348,14.7167267495833,1,a3,1,1
5349,14.7333933579167,1,a3,1,1
5350,14.7500604884722,1,a3,1,1
5351,14.7667273940278,1,a3,1,1
5352,14.7833941023611,1,a3,1,1
5353,14.8000607106944,1,a3,1,1
5354,14.81672759125,1,a3,1,1
5355,14.8333944745833,1,a3,1,1
5356,14.8500611523611,1,a3,1,1
5357,14.8667282106944,1,a3,1,1
5358,14.8833948245833,1,a3,1,1
5359,14.9000615773611,1,a3,1,1
5360,14.91672816625,1,a3,1,1
5361,14.93339469125,1,a3,1,1
5362,14.9500615634722,1,a3,1,1
5363,14.9667280606944,1,a3,1,1
5364,14.9833951051389,1,a3,1,1
5365,15.0000620884722,1,a3,1,1
5366,15.0167286245833,1,a3,1,1
5367,15.0333955384722,1,a3,1,1
5368,15.0500620745833,1,a3,1,1
5369,15.0667290745833,1,a3,1,1
5370,15.0833959440278,1,a3,1,1
5371,15.1000626551389,1,a3,1,1
5372,15.1167291884722,1,a3,1,1
5373,15.1333958356944,1,a3,1,1
5374,15.1500624968056,1,a3,1,1
5375,15.1667292329167,1,a3,1,1
5376,15.1833958634722,1,a3,1,1
5377,15.20006271625,1,a3,1,1
5378,15.2167291523611,1,a3,1,1
5379,15.2333960495833,1,a3,1,1
5380,15.2500625940278,1,a3,1,1
5381,15.2667293718056,1,a3,1,1
5382,15.2833963329167,1,a3,1,1
5383,15.3000631773611,1,a3,1,1
5384,15.3167300579167,1,a3,1,1
5385,15.3333967495833,1,a3,1,1
5386,15.3500633829167,1,a3,1,1
5387,15.3667300940278,1,a3,1,1
5388,15.3833970218056,1,a3,1,1
5389,15.4000636690278,1,a3,1,1
5390,15.4167302301389,1,a3,1,1
5391,15.4333969495833,1,a3,1,1
5392,15.45006369125,1,a3,1,1
5393,15.4667305051389,1,a3,1,1
5394,15.48339696625,1,a3,1,1
5395,15.5000637190278,1,a3,1,1
5396,15.5167304634722,1,a3,1,1
5397,15.5333971745833,1,a3,1,1
5398,15.5500636079167,1,a3,1,1
5399,15.5667307023611,1,a3,1,1
5400,15.5833974495833,1,a3,1,1
5401,15.60006394125,1,a3,1,1
5402,15.6167305579167,1,a3,1,1
5403,15.6333971940278,1,a3,1,1
5404,15.6500639051389,1,a3,1,1
5405,15.6667306718056,1,a3,1,1
5406,15.68339741625,1,a3,1,1
5407,15.7000638773611,1,a3,1,1
5408,15.7167307106944,1,a3,1,1
5409,15.7333972245833,1,a3,1,1
5410,15.7500640329167,1,a3,1,1
5411,15.7667307634722,1,a3,1,1
5412,15.7833974079167,1,a3,1,1
5413,15.80006401625,1,a3,1,1
5414,15.8167307440278,1,a3,1,1
5415,15.8333972718056,1,a3,1,1
5416,15.8500639523611,1,a3,1,1
5417,15.8667305634722,1,a3,1,1
5418,15.8833973718056,1,a3,1,1
5419,15.90006424125,1,a3,1,1
5420,15.9167310468056,1,a3,1,1
5421,15.9333979356944,1,a3,1,1
5422,15.9500644356944,1,a3,1,1
5423,15.9667313773611,1,a3,1,1
5424,15.9833984940278,1,a3,1,1
5425,16.0000654856944,1,a3,1,1
5426,16.01673201625,1,a3,1,1
5427,16.0333987773611,1,a3,1,1
5428,16.0500653051389,1,a3,1,1
5429,16.0667320829167,1,a3,1,1
5430,16.0833988440278,1,a3,1,1
5431,16.1000654106944,1,a3,1,1
5432,16.1167320023611,1,a3,1,1
5433,16.13339874125,1,a3,1,1
5434,16.1500654745833,1,a3,1,1
5435,16.16673196625,1,a3,1,1
5436,16.1833987218056,1,a3,1,1
5437,16.20006534125,1,a3,1,1
5438,16.2167322301389,1,a3,1,1
5439,16.2333991356944,1,a3,1,1
5440,16.25006589125,1,a3,1,1
5441,16.2667325245833,1,a3,1,1
5442,16.2833993384722,1,a3,1,1
5443,16.3000658273611,1,a3,1,1
5444,16.3167325856944,1,a3,1,1
5445,16.3333993051389,1,a3,1,1
5446,16.3500658051389,1,a3,1,1
5447,16.3667326218056,1,a3,1,1
5448,16.38339919125,1,a3,1,1
5449,16.4000657995833,1,a3,1,1
5450,16.41673271625,1,a3,1,1
5451,16.4333995829167,1,a3,1,1
5452,16.4500663884722,1,a3,1,1
5453,16.4667333134722,1,a3,1,1
5454,16.4834006134722,1,a3,1,1
5455,16.5000670829167,1,a3,1,1
5456,16.5167339495833,1,a3,1,1
5457,16.5334006440278,1,a3,1,1
5458,16.5500672273611,1,a3,1,1
5459,16.5667338356944,1,a3,1,1
5460,16.5834006079167,1,a3,1,1
5461,16.6000672023611,1,a3,1,1
5462,16.6167339023611,1,a3,1,1
5463,16.6334005495833,1,a3,1,1
5464,16.6500674134722,1,a3,1,1
5465,16.6667341218056,1,a3,1,1
5466,16.6834006745833,1,a3,1,1
5467,16.7000672106944,1,a3,1,1
5468,16.7167339106944,1,a3,1,1
5469,16.7334005329167,1,a3,1,1
5470,16.75006729125,1,a3,1,1
5471,16.7667339634722,1,a3,1,1
5472,16.7834006468056,1,a3,1,1
5473,16.8000672606944,1,a3,1,1
5474,16.8167339995833,1,a3,1,1
5475,16.8334006523611,1,a3,1,1
5476,16.85006746625,1,a3,1,1
5477,16.8667338856944,1,a3,1,1
5478,16.8834007023611,1,a3,1,1
5479,16.9000672051389,1,a3,1,1
5480,16.9167339856944,1,a3,1,1
5481,16.9334009718056,1,a3,1,1
5482,16.9500676495833,1,a3,1,1
5483,16.9667346245833,1,a3,1,1
5484,16.9834015634722,1,a3,1,1
5485,17.0000683718056,1,a3,1,1
5486,17.0167347801389,1,a3,1,1
5487,17.0334015773611,1,a3,1,1
5488,17.0500681134722,1,a3,1,1
5489,17.0667349301389,1,a3,1,1
5490,17.0834015134722,1,a3,1,1
5491,17.1000680551389,1,a3,1,1
5492,17.1167349079167,1,a3,1,1
5493,17.1334015190278,1,a3,1,1
5494,17.1500682634722,1,a3,1,1
5495,17.1667346745833,1,a3,1,1
5496,17.1834014273611,1,a3,1,1
5497,17.2000682523611,1,a3,1,1
5498,17.2167350579167,1,a3,1,1
5499,17.2334020329167,1,a3,1,1
5500,17.2500684329167,1,a3,1,1
5501,17.2667349995833,1,a3,1,1
5502,17.2834019384722,1,a3,1,1
5503,17.30006856625,1,a3,1,1
5504,17.3167354134722,1,a3,1,1
5505,17.3334024773611,1,a3,1,1
5506,17.3500690718056,1,a3,1,1
5507,17.3667355440278,1,a3,1,1
5508,17.3834022356944,1,a3,1,1
5509,17.4000688801389,1,a3,1,1
5510,17.4167355273611,1,a3,1,1
5511,17.4334024051389,1,a3,1,1
5512,17.4500691523611,1,a3,1,1
5513,17.4667355940278,1,a3,1,1
5514,17.48340254125,1,a3,1,1
5515,17.5000692551389,1,a3,1,1
5516,17.5167357523611,1,a3,1,1
5517,17.5334025940278,1,a3,1,1
5518,17.5500695495833,1,a3,1,1
5519,17.5667362440278,1,a3,1,1
5520,17.5834028106944,1,a3,1,1
5521,17.6000694356944,1,a3,1,1
5522,17.6167362634722,1,a3,1,1
5523,17.6334028218056,1,a3,1,1
5524,17.6500695356944,1,a3,1,1
5525,17.6667364579167,1,a3,1,1
5526,17.6834029051389,1,a3,1,1
5527,17.7000694634722,1,a3,1,1
5528,17.7167361801389,1,a3,1,1
5529,17.7334029634722,1,a3,1,1
5530,17.7500696301389,1,a3,1,1
5531,17.7667362356944,1,a3,1,1
5532,17.7834027773611,1,a3,1,1
5533,17.8000694690278,1,a3,1,1
5534,17.8167364884722,1,a3,1,1
5535,17.8334030079167,1,a3,1,1
5536,17.8500700968056,1,a3,1,1
5537,17.8667367301389,1,a3,1,1
5538,17.88340344125,1,a3,1,1
5539,17.9000701884722,1,a3,1,1
5540,17.91673684125,1,a3,1,1
5541,17.93340364125,1,a3,1,1
5542,17.9500702773611,1,a3,1,1
5543,17.9667371134722,1,a3,1,1
5544,17.9834037329167,1,a3,1,1
5545,18.0000703329167,1,a3,1,1
5546,18.0167369106944,1,a3,1,1
5547,18.0334039051389,1,a3,1,1
5548,18.0500707440278,1,a3,1,1
5549,18.0667371884722,1,a3,1,1
5550,18.0834040995833,1,a3,1,1
5551,18.1000705634722,1,a3,1,1
5552,18.1167371829167,1,a3,1,1
5553,18.1334040190278,1,a3,1,1
5554,18.1500706440278,1,a3,1,1
5555,18.16673731625,1,a3,1,1
5556,18.1834040273611,1,a3,1,1
5557,18.2000705829167,1,a3,1,1
5558,18.2167372745833,1,a3,1,1
5559,18.23340436625,1,a3,1,1
5560,18.2500708690278,1,a3,1,1
5561,18.26673774125,1,a3,1,1
5562,18.2834042245833,1,a3,1,1
5563,18.3000708690278,1,a3,1,1
5564,18.3167375273611,1,a3,1,1
5565,18.3334042329167,1,a3,1,1
5566,18.35007086625,1,a3,1,1
5567,18.3667375190278,1,a3,1,1
5568,18.3834043273611,1,a3,1,1
5569,18.4000708773611,1,a3,1,1
5570,18.4167375329167,1,a3,1,1
5571,18.4334042606944,1,a3,1,1
5572,18.4500710551389,1,a3,1,1
5573,18.4667379329167,1,a3,1,1
5574,18.4834046329167,1,a3,1,1
5575,18.5000715551389,1,a3,1,1
5576,18.5167381829167,1,a3,1,1
5577,18.5334047606944,1,a3,1,1
5578,18.5500715495833,1,a3,1,1
5579,18.5667381856944,1,a3,1,1
5580,18.5834050301389,1,a3,1,1
5581,18.6000717856944,1,a3,1,1
5582,18.6167383773611,1,a3,1,1
5583,18.6334050051389,1,a3,1,1
5584,18.6500718106944,1,a3,1,1
5585,18.6667385190278,1,a3,1,1
5586,18.6834053440278,1,a3,1,1
5587,18.7000716745833,1,a3,1,1
5588,18.7167386468056,1,a3,1,1
5589,18.7334051329167,1,a3,1,1
5590,18.7500719218056,1,a3,1,1
5591,18.7667387995833,1,a3,1,1
5592,18.7834057468056,1,a3,1,1
5593,18.80007234125,1,a3,1,1
5594,18.8167391301389,1,a3,1,1
5595,18.83340591625,1,a3,1,1
5596,18.8500725079167,1,a3,1,1
5597,18.8667392384722,1,a3,1,1
5598,18.88340601625,1,a3,1,1
5599,18.9000728773611,1,a3,1,1
5600,18.9167397829167,1,a3,1,1
5601,18.9334062245833,1,a3,1,1
5602,18.9500730329167,1,a3,1,1
5603,18.9667396384722,1,a3,1,1
5604,18.9834064773611,1,a3,1,1
5605,19.0000734384722,1,a3,1,1
5606,19.0167403218056,1,a3,1,1
5607,19.0334070134722,1,a3,1,1
5608,19.0500736134722,1,a3,1,1
5609,19.0667405273611,1,a3,1,1
5610,19.0834071856944,1,a3,1,1
5611,19.1000736940278,1,a3,1,1
5612,19.11674036625,1,a3,1,1
5613,19.1334073884722,1,a3,1,1
5614,19.1500738940278,1,a3,1,1
5615,19.16674071625,1,a3,1,1
5616,19.1834073495833,1,a3,1,1
5617,19.2000738690278,1,a3,1,1
5618,19.2167406218056,1,a3,1,1
5619,19.23340726625,1,a3,1,1
5620,19.2500741079167,1,a3,1,1
5621,19.2667405190278,1,a3,1,1
5622,19.2834074384722,1,a3,1,1
5623,19.3000740606944,1,a3,1,1
5624,19.3167408606944,1,a3,1,1
5625,19.3334078634722,1,a3,1,1
5626,19.3500747495833,1,a3,1,1
5627,19.3667415384722,1,a3,1,1
5628,19.3834081579167,1,a3,1,1
5629,19.4000747356944,1,a3,1,1
5630,19.4167415273611,1,a3,1,1
5631,19.4334082495833,1,a3,1,1
5632,19.4500747773611,1,a3,1,1
5633,19.4667415245833,1,a3,1,1
5634,19.4834080106944,1,a3,1,1
5635,19.50007471625,1,a3,1,1
5636,19.5167418995833,1,a3,1,1
5637,19.5334083690278,1,a3,1,1
5638,19.5500750523611,1,a3,1,1
5639,19.56674191625,1,a3,1,1
5640,19.5834085245833,1,a3,1,1
5641,19.6000753579167,1,a3,1,1
5642,19.6167423856944,1,a3,1,1
5643,19.6334092773611,1,a3,1,1
5644,19.65007614125,1,a3,1,1
5645,19.6667427523611,1,a3,1,1
5646,19.6834096190278,1,a3,1,1
5647,19.7000761468056,1,a3,1,1
5648,19.7167427773611,1,a3,1,1
5649,19.7334094634722,1,a3,1,1
5650,19.75007629125,1,a3,1,1
5651,19.7667428579167,1,a3,1,1
5652,19.7834095995833,1,a3,1,1
5653,19.8000762051389,1,a3,1,1
5654,19.8167432634722,1,a3,1,1
5655,19.83340971625,1,a3,1,1
5656,19.8500765773611,1,a3,1,1
5657,19.8667433106944,1,a3,1,1
5658,19.8834101134722,1,a3,1,1
5659,19.9000768245833,1,a3,1,1
5660,19.9167437551389,1,a3,1,1
5661,19.9334103579167,1,a3,1,1
5662,19.9500769773611,1,a3,1,1
5663,19.9667436940278,1,a3,1,1
5664,19.9834103829167,1,a3,1,1
5665,1.11667082163889,2,a3,1,1
5666,1.13333751497222,2,a3,1,1
5667,1.15000450497222,2,a3,1,1
5668,1.16667145997222,2,a3,1,1
5669,1.18333823663889,2,a3,1,1
5670,1.20000493441667,2,a3,1,1
5671,1.21667149858333,2,a3,1,1
5672,1.23333856080556,2,a3,1,1
5673,1.25000499052778,2,a3,1,1
5674,1.26667184830556,2,a3,1,1
5675,1.28333837052778,2,a3,1,1
5676,1.30000520608333,2,a3,1,1
5677,1.31667176525,2,a3,1,1
5678,1.33333870441667,2,a3,1,1
5679,1.35000534247222,2,a3,1,1
5680,1.36667229775,2,a3,1,1
5681,1.38333902886111,2,a3,1,1
5682,1.40000580525,2,a3,1,1
5683,1.41667234886111,2,a3,1,1
5684,1.43333902913889,2,a3,1,1
5685,1.45000582913889,2,a3,1,1
5686,1.46667224413889,2,a3,1,1
5687,1.48333936275,2,a3,1,1
5688,1.50000598413889,2,a3,1,1
5689,1.51667291802778,2,a3,1,1
5690,1.53333992580556,2,a3,1,1
5691,1.55000662747222,2,a3,1,1
5692,1.56667316525,2,a3,1,1
5693,1.58334005441667,2,a3,1,1
5694,1.60000689441667,2,a3,1,1
5695,1.61667348858333,2,a3,1,1
5696,1.63334014497222,2,a3,1,1
5697,1.65000671858333,2,a3,1,1
5698,1.66667382636111,2,a3,1,1
5699,1.68334068747222,2,a3,1,1
5700,1.70000769941667,2,a3,1,1
5701,1.71667427080556,2,a3,1,1
5702,1.73334103386111,2,a3,1,1
5703,1.75000754802778,2,a3,1,1
5704,1.76667421136111,2,a3,1,1
5705,1.78334087802778,2,a3,1,1
5706,1.80000775386111,2,a3,1,1
5707,1.81667430636111,2,a3,1,1
5708,1.83334107191667,2,a3,1,1
5709,1.85000776580556,2,a3,1,1
5710,1.86667451886111,2,a3,1,1
5711,1.88334122163889,2,a3,1,1
5712,1.90000783191667,2,a3,1,1
5713,1.91667452580556,2,a3,1,1
5714,1.93334119497222,2,a3,1,1
5715,1.95000803080556,2,a3,1,1
5716,1.96667476525,2,a3,1,1
5717,1.98334153386111,2,a3,1,1
5718,2.00000814636111,2,a3,1,1
5719,2.01667517580556,2,a3,1,1
5720,2.03334168497222,2,a3,1,1
5721,2.05000874108333,2,a3,1,1
5722,2.06667577413889,2,a3,1,1
5723,2.08334234691667,2,a3,1,1
5724,2.10000897608333,2,a3,1,1
5725,2.11667568247222,2,a3,1,1
5726,2.13334263386111,2,a3,1,1
5727,2.15000953858333,2,a3,1,1
5728,2.16667637191667,2,a3,1,1
5729,2.18334295663889,2,a3,1,1
5730,2.20000987025,2,a3,1,1
5731,2.21667668663889,2,a3,1,1
5732,2.23334346830556,2,a3,1,1
5733,2.25001013247222,2,a3,1,1
5734,2.26667673747222,2,a3,1,1
5735,2.28334377191667,2,a3,1,1
5736,2.30001064997222,2,a3,1,1
5737,2.31667726691667,2,a3,1,1
5738,2.33334437025,2,a3,1,1
5739,2.35001129469444,2,a3,1,1
5740,2.36667790080556,2,a3,1,1
5741,2.38334487191667,2,a3,1,1
5742,2.40001143886111,2,a3,1,1
5743,2.41667810913889,2,a3,1,1
5744,2.43334488941667,2,a3,1,1
5745,2.45001157191667,2,a3,1,1
5746,2.46667803636111,2,a3,1,1
5747,2.48334471775,2,a3,1,1
5748,2.50001192747222,2,a3,1,1
5749,2.51667833608333,2,a3,1,1
5750,2.53334517080556,2,a3,1,1
5751,2.55001172886111,2,a3,1,1
5752,2.56667862580556,2,a3,1,1
5753,2.58334574108333,2,a3,1,1
5754,2.60001228275,2,a3,1,1
5755,2.61667918830556,2,a3,1,1
5756,2.63334585775,2,a3,1,1
5757,2.65001290775,2,a3,1,1
5758,2.66667955219444,2,a3,1,1
5759,2.68334650497222,2,a3,1,1
5760,2.70001339941667,2,a3,1,1
5761,2.71668020775,2,a3,1,1
5762,2.73334719386111,2,a3,1,1
5763,2.75001382997222,2,a3,1,1
5764,2.76668031330556,2,a3,1,1
5765,2.78334714663889,2,a3,1,1
5766,2.80001364386111,2,a3,1,1
5767,2.81668054386111,2,a3,1,1
5768,2.83334744108333,2,a3,1,1
5769,2.85001570219444,2,a3,1,1
5770,2.86668244663889,2,a3,1,1
5771,2.88334898830556,2,a3,1,1
5772,2.90001592441667,2,a3,1,1
5773,2.91668284108333,2,a3,1,1
5774,2.93334995775,2,a3,1,1
5775,2.95001684108333,2,a3,1,1
5776,2.96668336330556,2,a3,1,1
5777,2.98335015497222,2,a3,1,1
5778,3.00001665497222,2,a3,1,1
5779,3.01668354386111,2,a3,1,1
5780,3.03335015775,2,a3,1,1
5781,3.05001684663889,2,a3,1,1
5782,3.06668338552778,2,a3,1,1
5783,3.08335017441667,2,a3,1,1
5784,3.10001666886111,2,a3,1,1
5785,3.11668350497222,2,a3,1,1
5786,3.13335012719444,2,a3,1,1
5787,3.15001679108333,2,a3,1,1
5788,3.16668366330556,2,a3,1,1
5789,3.18335021886111,2,a3,1,1
5790,3.20001665497222,2,a3,1,1
5791,3.21668353552778,2,a3,1,1
5792,3.23335006608333,2,a3,1,1
5793,3.25001778552778,2,a3,1,1
5794,3.26668425219444,2,a3,1,1
5795,3.28335131330556,2,a3,1,1
5796,3.30001798552778,2,a3,1,1
5797,3.31668458552778,2,a3,1,1
5798,3.33335161052778,2,a3,1,1
5799,3.35001833830556,2,a3,1,1
5800,3.36668471608333,2,a3,1,1
5801,3.38335169941667,2,a3,1,1
5802,3.40001867163889,2,a3,1,1
5803,3.41668532719444,2,a3,1,1
5804,3.43335234386111,2,a3,1,1
5805,3.45001916330556,2,a3,1,1
5806,3.46668562163889,2,a3,1,1
5807,3.48335227441667,2,a3,1,1
5808,3.50001902719444,2,a3,1,1
5809,3.51668571330556,2,a3,1,1
5810,3.53335256052778,2,a3,1,1
5811,3.55001956330556,2,a3,1,1
5812,3.56668616052778,2,a3,1,1
5813,3.58335329386111,2,a3,1,1
5814,3.60002003830556,2,a3,1,1
5815,3.61668697441667,2,a3,1,1
5816,3.63335389108333,2,a3,1,1
5817,3.65002081608333,2,a3,1,1
5818,3.66668735775,2,a3,1,1
5819,3.68335398830556,2,a3,1,1
5820,3.70002059108333,2,a3,1,1
5821,3.71668717719444,2,a3,1,1
5822,3.73335392719444,2,a3,1,1
5823,3.75002059386111,2,a3,1,1
5824,3.76668726608333,2,a3,1,1
5825,3.78335391608333,2,a3,1,1
5826,3.80002079663889,2,a3,1,1
5827,3.81668721886111,2,a3,1,1
5828,3.83335402441667,2,a3,1,1
5829,3.85002073275,2,a3,1,1
5830,3.86668747997222,2,a3,1,1
5831,3.88335409386111,2,a3,1,1
5832,3.90002071052778,2,a3,1,1
5833,3.91668747163889,2,a3,1,1
5834,3.93335417441667,2,a3,1,1
5835,3.95002103275,2,a3,1,1
5836,3.96668764386111,2,a3,1,1
5837,3.98335422719444,2,a3,1,1
5838,4.00002105219444,2,a3,1,1
5839,4.01668764663889,2,a3,1,1
5840,4.03335432163889,2,a3,1,1
5841,4.05002109663889,2,a3,1,1
5842,4.06668788830556,2,a3,1,1
5843,4.08335471330555,2,a3,1,1
5844,4.10002125219444,2,a3,1,1
5845,4.11668780497222,2,a3,1,1
5846,4.13335455775,2,a3,1,1
5847,4.15002134386111,2,a3,1,1
5848,4.16668817997222,2,a3,1,1
5849,4.18335518275,2,a3,1,1
5850,4.20002215775,2,a3,1,1
5851,4.21668863830556,2,a3,1,1
5852,4.23335539663889,2,a3,1,1
5853,4.25002200497222,2,a3,1,1
5854,4.26668866052778,2,a3,1,1
5855,4.28335540775,2,a3,1,1
5856,4.30002211608333,2,a3,1,1
5857,4.31668871886111,2,a3,1,1
5858,4.33335574941667,2,a3,1,1
5859,4.35002274941667,2,a3,1,1
5860,4.36668939663889,2,a3,1,1
5861,4.38335609941667,2,a3,1,1
5862,4.40002276886111,2,a3,1,1
5863,4.41668924386111,2,a3,1,1
5864,4.43335582719444,2,a3,1,1
5865,4.45002256886111,2,a3,1,1
5866,4.46668929386111,2,a3,1,1
5867,4.48335612997222,2,a3,1,1
5868,4.50002286886111,2,a3,1,1
5869,4.51668969663889,2,a3,1,1
5870,4.53335658830556,2,a3,1,1
5871,4.55002315219444,2,a3,1,1
5872,4.56668996886111,2,a3,1,1
5873,4.58335651608333,2,a3,1,1
5874,4.60002327163889,2,a3,1,1
5875,4.61668976608333,2,a3,1,1
5876,4.63335662163889,2,a3,1,1
5877,4.65002327441667,2,a3,1,1
5878,4.66668995775,2,a3,1,1
5879,4.68335646330556,2,a3,1,1
5880,4.70002357997222,2,a3,1,1
5881,4.71669001886111,2,a3,1,1
5882,4.73335708275,2,a3,1,1
5883,4.75002386052778,2,a3,1,1
5884,4.76669051330556,2,a3,1,1
5885,4.78335735775,2,a3,1,1
5886,4.80002412163889,2,a3,1,1
5887,4.81669075497222,2,a3,1,1
5888,4.83335756052778,2,a3,1,1
5889,4.85002422719444,2,a3,1,1
5890,4.86669124941667,2,a3,1,1
5891,4.88335824386111,2,a3,1,1
5892,4.90002492163889,2,a3,1,1
5893,4.91669140219444,2,a3,1,1
5894,4.93335811052778,2,a3,1,1
5895,4.95002513830556,2,a3,1,1
5896,4.96669188830556,2,a3,1,1
5897,4.98335848552778,2,a3,1,1
5898,5.00002506052778,2,a3,1,1
5899,5.01669195219444,2,a3,1,1
5900,5.03335863830555,2,a3,1,1
5901,5.05002561052778,2,a3,1,1
5902,5.06669227163889,2,a3,1,1
5903,5.08335909108333,2,a3,1,1
5904,5.10002566608333,2,a3,1,1
5905,5.11669229108333,2,a3,1,1
5906,5.13335895775,2,a3,1,1
5907,5.15002588275,2,a3,1,1
5908,5.16669258552778,2,a3,1,1
5909,5.18335923275,2,a3,1,1
5910,5.20002590497222,2,a3,1,1
5911,5.21669271608333,2,a3,1,1
5912,5.23335917719444,2,a3,1,1
5913,5.25002609386111,2,a3,1,1
5914,5.26669265219444,2,a3,1,1
5915,5.28335934386111,2,a3,1,1
5916,5.30002612719444,2,a3,1,1
5917,5.31669312997222,2,a3,1,1
5918,5.33335973275,2,a3,1,1
5919,5.35002672719444,2,a3,1,1
5920,5.36669371608333,2,a3,1,1
5921,5.38336042163889,2,a3,1,1
5922,5.40002693275,2,a3,1,1
5923,5.41669392163889,2,a3,1,1
5924,5.43336068275,2,a3,1,1
5925,5.45002735219444,2,a3,1,1
5926,5.46669399941667,2,a3,1,1
5927,5.48336070775,2,a3,1,1
5928,5.50002730219444,2,a3,1,1
5929,5.51669441886111,2,a3,1,1
5930,5.53336119663889,2,a3,1,1
5931,5.55002780497222,2,a3,1,1
5932,5.56669449941667,2,a3,1,1
5933,5.58336132441667,2,a3,1,1
5934,5.60002794108333,2,a3,1,1
5935,5.61669480497222,2,a3,1,1
5936,5.63336149663889,2,a3,1,1
5937,5.65002826330555,2,a3,1,1
5938,5.66669479941667,2,a3,1,1
5939,5.68336152997222,2,a3,1,1
5940,5.70002827441667,2,a3,1,1
5941,5.71669481052778,2,a3,1,1
5942,5.73336162441667,2,a3,1,1
5943,5.75002808830556,2,a3,1,1
5944,5.76669487163889,2,a3,1,1
5945,5.78336147997222,2,a3,1,1
5946,5.80002846608333,2,a3,1,1
5947,5.81669549663889,2,a3,1,1
5948,5.83336213830556,2,a3,1,1
5949,5.85002907163889,2,a3,1,1
5950,5.86669582719444,2,a3,1,1
5951,5.88336285775,2,a3,1,1
5952,5.90002945497222,2,a3,1,1
5953,5.91669629663889,2,a3,1,1
5954,5.93336295775,2,a3,1,1
5955,5.95002960775,2,a3,1,1
5956,5.96669621608333,2,a3,1,1
5957,5.98336301052778,2,a3,1,1
5958,6.00002952441667,2,a3,1,1
5959,6.01669634108333,2,a3,1,1
5960,6.03336325219444,2,a3,1,1
5961,6.05003026886111,2,a3,1,1
5962,6.06669711330556,2,a3,1,1
5963,6.08336361330556,2,a3,1,1
5964,6.10003051608333,2,a3,1,1
5965,6.11669713275,2,a3,1,1
5966,6.13336380219444,2,a3,1,1
5967,6.15003070775,2,a3,1,1
5968,6.16669729941667,2,a3,1,1
5969,6.18336401330556,2,a3,1,1
5970,6.20003062719444,2,a3,1,1
5971,6.21669730497222,2,a3,1,1
5972,6.23336398275,2,a3,1,1
5973,6.25003061886111,2,a3,1,1
5974,6.26669744941667,2,a3,1,1
5975,6.28336423552778,2,a3,1,1
5976,6.30003088552778,2,a3,1,1
5977,6.31669756052778,2,a3,1,1
5978,6.33336469663889,2,a3,1,1
5979,6.35003137719444,2,a3,1,1
5980,6.36669819108333,2,a3,1,1
5981,6.38336471608333,2,a3,1,1
5982,6.40003151608333,2,a3,1,1
5983,6.41669832163889,2,a3,1,1
5984,6.43336482441667,2,a3,1,1
5985,6.45003152441667,2,a3,1,1
5986,6.46669847719444,2,a3,1,1
5987,6.48336522719444,2,a3,1,1
5988,6.50003179941667,2,a3,1,1
5989,6.51669845497222,2,a3,1,1
5990,6.53336524663889,2,a3,1,1
5991,6.55003181052778,2,a3,1,1
5992,6.56669880219444,2,a3,1,1
5993,6.58336538275,2,a3,1,1
5994,6.60003196608333,2,a3,1,1
5995,6.61669873552778,2,a3,1,1
5996,6.63336539386111,2,a3,1,1
5997,6.65003212441667,2,a3,1,1
5998,6.66669901886111,2,a3,1,1
5999,6.68336572163889,2,a3,1,1
6000,6.70003236052778,2,a3,1,1
6001,6.71669896886111,2,a3,1,1
6002,6.73336556886111,2,a3,1,1
6003,6.75003234941667,2,a3,1,1
6004,6.76669921052778,2,a3,1,1
6005,6.78336606052778,2,a3,1,1
6006,6.80003262441667,2,a3,1,1
6007,6.81669930497222,2,a3,1,1
6008,6.83336609663889,2,a3,1,1
6009,6.85003289108333,2,a3,1,1
6010,6.86669948830556,2,a3,1,1
6011,6.88336626886111,2,a3,1,1
6012,6.90003305497222,2,a3,1,1
6013,6.91669972997222,2,a3,1,1
6014,6.93336647997222,2,a3,1,1
6015,6.95003322441667,2,a3,1,1
6016,6.96669974663889,2,a3,1,1
6017,6.98336641052778,2,a3,1,1
6018,7.00003334941667,2,a3,1,1
6019,7.01670017719444,2,a3,1,1
6020,7.03336698552778,2,a3,1,1
6021,7.05003413275,2,a3,1,1
6022,7.06670063552778,2,a3,1,1
6023,7.08336724941667,2,a3,1,1
6024,7.10003412163889,2,a3,1,1
6025,7.11670089108333,2,a3,1,1
6026,7.13336755775,2,a3,1,1
6027,7.15003428275,2,a3,1,1
6028,7.16670094663889,2,a3,1,1
6029,7.18336766052778,2,a3,1,1
6030,7.20003433552778,2,a3,1,1
6031,7.21670088830556,2,a3,1,1
6032,7.23336749386111,2,a3,1,1
6033,7.25003469386111,2,a3,1,1
6034,7.26670136052778,2,a3,1,1
6035,7.28336792719444,2,a3,1,1
6036,7.30003476886111,2,a3,1,1
6037,7.31670120775,2,a3,1,1
6038,7.33336785219444,2,a3,1,1
6039,7.35003451330556,2,a3,1,1
6040,7.36670114108333,2,a3,1,1
6041,7.38336823275,2,a3,1,1
6042,7.40003504386111,2,a3,1,1
6043,7.41670182441667,2,a3,1,1
6044,7.43336848275,2,a3,1,1
6045,7.45003516608333,2,a3,1,1
6046,7.46670185775,2,a3,1,1
6047,7.48336876330556,2,a3,1,1
6048,7.50003544941667,2,a3,1,1
6049,7.51670247719444,2,a3,1,1
6050,7.53336904663889,2,a3,1,1
6051,7.55003599941667,2,a3,1,1
6052,7.56670267997222,2,a3,1,1
6053,7.58336941886111,2,a3,1,1
6054,7.60003631330556,2,a3,1,1
6055,7.61670274108333,2,a3,1,1
6056,7.63336967719444,2,a3,1,1
6057,7.65003656052778,2,a3,1,1
6058,7.66670353552778,2,a3,1,1
6059,7.68337002441667,2,a3,1,1
6060,7.70003681608333,2,a3,1,1
6061,7.71670347719444,2,a3,1,1
6062,7.73337009108333,2,a3,1,1
6063,7.75003714386111,2,a3,1,1
6064,7.76670377441667,2,a3,1,1
6065,7.78337030775,2,a3,1,1
6066,7.80003718552778,2,a3,1,1
6067,7.81670400775,2,a3,1,1
6068,7.83337073830555,2,a3,1,1
6069,7.85003730497222,2,a3,1,1
6070,7.86670401052778,2,a3,1,1
6071,7.88337107163889,2,a3,1,1
6072,7.90003762163889,2,a3,1,1
6073,7.91670420497222,2,a3,1,1
6074,7.93337121608333,2,a3,1,1
6075,7.95003828275,2,a3,1,1
6076,7.96670489941667,2,a3,1,1
6077,7.98337147997222,2,a3,1,1
6078,8.00003829108333,2,a3,1,1
6079,8.01670477719444,2,a3,1,1
6080,8.03337153552778,2,a3,1,1
6081,8.05003824108334,2,a3,1,1
6082,8.06670501330555,2,a3,1,1
6083,8.08337182997222,2,a3,1,1
6084,8.10003847997222,2,a3,1,1
6085,8.11670554941667,2,a3,1,1
6086,8.13337206608333,2,a3,1,1
6087,8.15003912441667,2,a3,1,1
6088,8.16670590497222,2,a3,1,1
6089,8.18337258275,2,a3,1,1
6090,8.20003948275,2,a3,1,1
6091,8.21670618275,2,a3,1,1
6092,8.23337282719444,2,a3,1,1
6093,8.25003981886111,2,a3,1,1
6094,8.26670652719444,2,a3,1,1
6095,8.28337358830555,2,a3,1,1
6096,8.30004018275,2,a3,1,1
6097,8.31670700219444,2,a3,1,1
6098,8.33337373275,2,a3,1,1
6099,8.35004048275,2,a3,1,1
6100,8.36670730219445,2,a3,1,1
6101,8.38337411052778,2,a3,1,1
6102,8.40004061330556,2,a3,1,1
6103,8.41670724941667,2,a3,1,1
6104,8.43337410219445,2,a3,1,1
6105,8.45004071052778,2,a3,1,1
6106,8.46670732719445,2,a3,1,1
6107,8.48337394108333,2,a3,1,1
6108,8.50004059941667,2,a3,1,1
6109,8.51670746608333,2,a3,1,1
6110,8.53337391886111,2,a3,1,1
6111,8.55004082719444,2,a3,1,1
6112,8.56670774386111,2,a3,1,1
6113,8.58337437441667,2,a3,1,1
6114,8.60004095775,2,a3,1,1
6115,8.61670807719445,2,a3,1,1
6116,8.63337450775,2,a3,1,1
6117,8.65004129108333,2,a3,1,1
6118,8.66670823275,2,a3,1,1
6119,8.68337482719445,2,a3,1,1
6120,8.70004157997222,2,a3,1,1
6121,8.71670814941667,2,a3,1,1
6122,8.73337496886111,2,a3,1,1
6123,8.75004159108333,2,a3,1,1
6124,8.76670814108333,2,a3,1,1
6125,8.78337526886111,2,a3,1,1
6126,8.80004181608333,2,a3,1,1
6127,8.81670837997222,2,a3,1,1
6128,8.83337552719444,2,a3,1,1
6129,8.85004211330556,2,a3,1,1
6130,8.86670885775,2,a3,1,1
6131,8.88337540497222,2,a3,1,1
6132,8.90004206052778,2,a3,1,1
6133,8.91670881886111,2,a3,1,1
6134,8.93337552163889,2,a3,1,1
6135,8.95004216608333,2,a3,1,1
6136,8.96670906608333,2,a3,1,1
6137,8.98337574386111,2,a3,1,1
6138,9.00004222441667,2,a3,1,1
6139,9.01670900775,2,a3,1,1
6140,9.03337564663889,2,a3,1,1
6141,9.05004230775,2,a3,1,1
6142,9.06670907163889,2,a3,1,1
6143,9.08337572719444,2,a3,1,1
6144,9.10004229941667,2,a3,1,1
6145,9.11670906886111,2,a3,1,1
6146,9.13337589663889,2,a3,1,1
6147,9.15004250775,2,a3,1,1
6148,9.16670931052778,2,a3,1,1
6149,9.18337628275,2,a3,1,1
6150,9.20004294941667,2,a3,1,1
6151,9.21670957997222,2,a3,1,1
6152,9.23337621330555,2,a3,1,1
6153,9.25004276886111,2,a3,1,1
6154,9.26670957997222,2,a3,1,1
6155,9.28337620775,2,a3,1,1
6156,9.30004318830555,2,a3,1,1
6157,9.31670991886111,2,a3,1,1
6158,9.33337681608333,2,a3,1,1
6159,9.35004339941667,2,a3,1,1
6160,9.36671017163889,2,a3,1,1
6161,9.38337677163889,2,a3,1,1
6162,9.40004340497222,2,a3,1,1
6163,9.41671020497222,2,a3,1,1
6164,9.43337664941667,2,a3,1,1
6165,9.45004349941667,2,a3,1,1
6166,9.46671043830555,2,a3,1,1
6167,9.48337704108333,2,a3,1,1
6168,9.50004360219445,2,a3,1,1
6169,9.51671026052778,2,a3,1,1
6170,9.53337701330556,2,a3,1,1
6171,9.55004379663889,2,a3,1,1
6172,9.56671054108333,2,a3,1,1
6173,9.58337692997222,2,a3,1,1
6174,9.60004406052778,2,a3,1,1
6175,9.61671082163889,2,a3,1,1
6176,9.63337724386111,2,a3,1,1
6177,9.65004423552778,2,a3,1,1
6178,9.66671101052778,2,a3,1,1
6179,9.68337803830556,2,a3,1,1
6180,9.70004458830556,2,a3,1,1
6181,9.71671127719445,2,a3,1,1
6182,9.73337831330555,2,a3,1,1
6183,9.75004481886111,2,a3,1,1
6184,9.76671145219445,2,a3,1,1
6185,9.78337819108333,2,a3,1,1
6186,9.80004482719444,2,a3,1,1
6187,9.81671138552778,2,a3,1,1
6188,9.83337824386111,2,a3,1,1
6189,9.85004492997222,2,a3,1,1
6190,9.86671139663889,2,a3,1,1
6191,9.88337824663889,2,a3,1,1
6192,9.90004484386111,2,a3,1,1
6193,9.91671156886111,2,a3,1,1
6194,9.93337812719444,2,a3,1,1
6195,9.95004490775,2,a3,1,1
6196,9.96671143830556,2,a3,1,1
6197,9.98337803830556,2,a3,1,1
6198,10.0000447271944,2,a3,1,1
6199,10.01671160775,2,a3,1,1
6200,10.0333782883056,2,a3,1,1
6201,10.05004500775,2,a3,1,1
6202,10.0667117438611,2,a3,1,1
6203,10.0833785216389,2,a3,1,1
6204,10.1000451438611,2,a3,1,1
6205,10.1167117494167,2,a3,1,1
6206,10.1333783771944,2,a3,1,1
6207,10.1500452049722,2,a3,1,1
6208,10.1667122021944,2,a3,1,1
6209,10.1833790160833,2,a3,1,1
6210,10.2000456633056,2,a3,1,1
6211,10.2167122383056,2,a3,1,1
6212,10.2333789744167,2,a3,1,1
6213,10.2500457660833,2,a3,1,1
6214,10.2667123299722,2,a3,1,1
6215,10.2833791160833,2,a3,1,1
6216,10.3000455883056,2,a3,1,1
6217,10.3167124966389,2,a3,1,1
6218,10.33337930775,2,a3,1,1
6219,10.3500460466389,2,a3,1,1
6220,10.3667125438611,2,a3,1,1
6221,10.3833792855278,2,a3,1,1
6222,10.4000458244167,2,a3,1,1
6223,10.4167125521944,2,a3,1,1
6224,10.4333792799722,2,a3,1,1
6225,10.4500458744167,2,a3,1,1
6226,10.4667126716389,2,a3,1,1
6227,10.4833792271944,2,a3,1,1
6228,10.5000458855278,2,a3,1,1
6229,10.5167129716389,2,a3,1,1
6230,10.53337958275,2,a3,1,1
6231,10.5500462438611,2,a3,1,1
6232,10.5667130105278,2,a3,1,1
6233,10.5833799716389,2,a3,1,1
6234,10.6000464160833,2,a3,1,1
6235,10.6167133521944,2,a3,1,1
6236,10.6333805605278,2,a3,1,1
6237,10.65004708275,2,a3,1,1
6238,10.6667138494167,2,a3,1,1
6239,10.6833804021944,2,a3,1,1
6240,10.7000469299722,2,a3,1,1
6241,10.7167136744167,2,a3,1,1
6242,10.7333803633056,2,a3,1,1
6243,10.7500470883056,2,a3,1,1
6244,10.7667136383056,2,a3,1,1
6245,10.7833805105278,2,a3,1,1
6246,10.8000471688611,2,a3,1,1
6247,10.8167138271944,2,a3,1,1
6248,10.8333803966389,2,a3,1,1
6249,10.8500470716389,2,a3,1,1
6250,10.8667136910833,2,a3,1,1
6251,10.8833804021944,2,a3,1,1
6252,10.9000472910833,2,a3,1,1
6253,10.9167140410833,2,a3,1,1
6254,10.9333805966389,2,a3,1,1
6255,10.9500474216389,2,a3,1,1
6256,10.9667139410833,2,a3,1,1
6257,10.9833807744167,2,a3,1,1
6258,11.0000472910833,2,a3,1,1
6259,11.0167140855278,2,a3,1,1
6260,11.0333806744167,2,a3,1,1
6261,11.0500475771944,2,a3,1,1
6262,11.0667144966389,2,a3,1,1
6263,11.0833812660833,2,a3,1,1
6264,11.1000479633056,2,a3,1,1
6265,11.1167149744167,2,a3,1,1
6266,11.1333814188611,2,a3,1,1
6267,11.1500483355278,2,a3,1,1
6268,11.1667153299722,2,a3,1,1
6269,11.1833820410833,2,a3,1,1
6270,11.20004880775,2,a3,1,1
6271,11.2167154216389,2,a3,1,1
6272,11.2333819716389,2,a3,1,1
6273,11.25004860775,2,a3,1,1
6274,11.26671535775,2,a3,1,1
6275,11.2833820549722,2,a3,1,1
6276,11.3000488605278,2,a3,1,1
6277,11.3167153355278,2,a3,1,1
6278,11.3333822216389,2,a3,1,1
6279,11.3500489383056,2,a3,1,1
6280,11.3667157188611,2,a3,1,1
6281,11.3833824466389,2,a3,1,1
6282,11.4000488744167,2,a3,1,1
6283,11.4167156216389,2,a3,1,1
6284,11.4333822021944,2,a3,1,1
6285,11.4500494021944,2,a3,1,1
6286,11.4667160299722,2,a3,1,1
6287,11.4833826188611,2,a3,1,1
6288,11.5000492299722,2,a3,1,1
6289,11.5167161244167,2,a3,1,1
6290,11.5333828133056,2,a3,1,1
6291,11.5500495188611,2,a3,1,1
6292,11.5667161410833,2,a3,1,1
6293,11.5833831799722,2,a3,1,1
6294,11.6000497410833,2,a3,1,1
6295,11.6167166938611,2,a3,1,1
6296,11.6333831521944,2,a3,1,1
6297,11.6500500521944,2,a3,1,1
6298,11.6667168271944,2,a3,1,1
6299,11.6833834299722,2,a3,1,1
6300,11.7000500716389,2,a3,1,1
6301,11.7167167466389,2,a3,1,1
6302,11.7333834688611,2,a3,1,1
6303,11.7500503410833,2,a3,1,1
6304,11.76671703275,2,a3,1,1
6305,11.7833837688611,2,a3,1,1
6306,11.8000504133056,2,a3,1,1
6307,11.8167174438611,2,a3,1,1
6308,11.8333844188611,2,a3,1,1
6309,11.8500509910833,2,a3,1,1
6310,11.8667178799722,2,a3,1,1
6311,11.8833845799722,2,a3,1,1
6312,11.9000512133056,2,a3,1,1
6313,11.9167179994167,2,a3,1,1
6314,11.9333844438611,2,a3,1,1
6315,11.9500513521944,2,a3,1,1
6316,11.9667178799722,2,a3,1,1
6317,11.9833845994167,2,a3,1,1
6318,12.00005120775,2,a3,1,1
6319,12.0167180244167,2,a3,1,1
6320,12.0333846549722,2,a3,1,1
6321,12.0500512494167,2,a3,1,1
6322,12.06671798275,2,a3,1,1
6323,12.0833846133056,2,a3,1,1
6324,12.1000514271944,2,a3,1,1
6325,12.1167183021944,2,a3,1,1
6326,12.1333849466389,2,a3,1,1
6327,12.1500514688611,2,a3,1,1
6328,12.1667182271944,2,a3,1,1
6329,12.18338490775,2,a3,1,1
6330,12.20005140775,2,a3,1,1
6331,12.2167182160833,2,a3,1,1
6332,12.23338480775,2,a3,1,1
6333,12.2500516299722,2,a3,1,1
6334,12.2667180660833,2,a3,1,1
6335,12.2833847688611,2,a3,1,1
6336,12.3000514299722,2,a3,1,1
6337,12.3167182966389,2,a3,1,1
6338,12.3333848938611,2,a3,1,1
6339,12.3500515744167,2,a3,1,1
6340,12.3667181188611,2,a3,1,1
6341,12.3833852355278,2,a3,1,1
6342,12.4000518994167,2,a3,1,1
6343,12.4167185216389,2,a3,1,1
6344,12.43338548275,2,a3,1,1
6345,12.4500520855278,2,a3,1,1
6346,12.46671880775,2,a3,1,1
6347,12.4833854105278,2,a3,1,1
6348,12.50005208275,2,a3,1,1
6349,12.5167190688611,2,a3,1,1
6350,12.5333857688611,2,a3,1,1
6351,12.5500526466389,2,a3,1,1
6352,12.5667196744167,2,a3,1,1
6353,12.5833865383056,2,a3,1,1
6354,12.6000534049722,2,a3,1,1
6355,12.6167204188611,2,a3,1,1
6356,12.63338713275,2,a3,1,1
6357,12.6500537521944,2,a3,1,1
6358,12.6667202494167,2,a3,1,1
6359,12.6833871938611,2,a3,1,1
6360,12.7000536271944,2,a3,1,1
6361,12.7167208660833,2,a3,1,1
6362,12.7333873160833,2,a3,1,1
6363,12.7500539910833,2,a3,1,1
6364,12.7667206605278,2,a3,1,1
6365,12.7833875855278,2,a3,1,1
6366,12.80005435775,2,a3,1,1
6367,12.8167209633056,2,a3,1,1
6368,12.8333875021944,2,a3,1,1
6369,12.8500546049722,2,a3,1,1
6370,12.8667214966389,2,a3,1,1
6371,12.8833881688611,2,a3,1,1
6372,12.9000548299722,2,a3,1,1
6373,12.9167216438611,2,a3,1,1
6374,12.9333884660833,2,a3,1,1
6375,12.9500555271944,2,a3,1,1
6376,12.9667220910833,2,a3,1,1
6377,12.9833887216389,2,a3,1,1
6378,13.0000554938611,2,a3,1,1
6379,13.0167221271944,2,a3,1,1
6380,13.0333890299722,2,a3,1,1
6381,13.0500556244167,2,a3,1,1
6382,13.0667224716389,2,a3,1,1
6383,13.08338900775,2,a3,1,1
6384,13.1000556466389,2,a3,1,1
6385,13.11672228275,2,a3,1,1
6386,13.1333889605278,2,a3,1,1
6387,13.1500556188611,2,a3,1,1
6388,13.1667223383056,2,a3,1,1
6389,13.1833889494167,2,a3,1,1
6390,13.20005570775,2,a3,1,1
6391,13.21672238275,2,a3,1,1
6392,13.2333890438611,2,a3,1,1
6393,13.2500557938611,2,a3,1,1
6394,13.26672233275,2,a3,1,1
6395,13.2833889549722,2,a3,1,1
6396,13.3000555521944,2,a3,1,1
6397,13.3167223688611,2,a3,1,1
6398,13.3333891410833,2,a3,1,1
6399,13.3500556244167,2,a3,1,1
6400,13.3667226133056,2,a3,1,1
6401,13.3833891605278,2,a3,1,1
6402,13.4000562299722,2,a3,1,1
6403,13.4167227883056,2,a3,1,1
6404,13.4333894966389,2,a3,1,1
6405,13.4500566410833,2,a3,1,1
6406,13.4667232105278,2,a3,1,1
6407,13.48338993275,2,a3,1,1
6408,13.5000564688611,2,a3,1,1
6409,13.5167232299722,2,a3,1,1
6410,13.5333897549722,2,a3,1,1
6411,13.5500564605278,2,a3,1,1
6412,13.5667234910833,2,a3,1,1
6413,13.5833902410833,2,a3,1,1
6414,13.6000571049722,2,a3,1,1
6415,13.61672395775,2,a3,1,1
6416,13.6333907910833,2,a3,1,1
6417,13.6500573716389,2,a3,1,1
6418,13.66672400775,2,a3,1,1
6419,13.68339065775,2,a3,1,1
6420,13.7000572188611,2,a3,1,1
6421,13.7167240855278,2,a3,1,1
6422,13.7333907799722,2,a3,1,1
6423,13.7500574521944,2,a3,1,1
6424,13.76672400775,2,a3,1,1
6425,13.7833905688611,2,a3,1,1
6426,13.8000573271944,2,a3,1,1
6427,13.8167240771944,2,a3,1,1
6428,13.8333907799722,2,a3,1,1
6429,13.8500572855278,2,a3,1,1
6430,13.8667241799722,2,a3,1,1
6431,13.8833911744167,2,a3,1,1
6432,13.9000578521944,2,a3,1,1
6433,13.9167246133056,2,a3,1,1
6434,13.9333912355278,2,a3,1,1
6435,13.9500579160833,2,a3,1,1
6436,13.9667246605278,2,a3,1,1
6437,13.9833916383056,2,a3,1,1
6438,14.0000585855278,2,a3,1,1
6439,14.0167250244167,2,a3,1,1
6440,14.0333921938611,2,a3,1,1
6441,14.0500588383056,2,a3,1,1
6442,14.0667257494167,2,a3,1,1
6443,14.0833925994167,2,a3,1,1
6444,14.1000592216389,2,a3,1,1
6445,14.11672630775,2,a3,1,1
6446,14.13339295775,2,a3,1,1
6447,14.1500595660833,2,a3,1,1
6448,14.1667263216389,2,a3,1,1
6449,14.1833929938611,2,a3,1,1
6450,14.2000595605278,2,a3,1,1
6451,14.2167262660833,2,a3,1,1
6452,14.2333930049722,2,a3,1,1
6453,14.2500599410833,2,a3,1,1
6454,14.2667266160833,2,a3,1,1
6455,14.2833934716389,2,a3,1,1
6456,14.3000603466389,2,a3,1,1
6457,14.3167270355278,2,a3,1,1
6458,14.3333936883056,2,a3,1,1
6459,14.3500605244167,2,a3,1,1
6460,14.3667271160833,2,a3,1,1
6461,14.3833938466389,2,a3,1,1
6462,14.4000603244167,2,a3,1,1
6463,14.41672730775,2,a3,1,1
6464,14.4333940216389,2,a3,1,1
6465,14.4500606271944,2,a3,1,1
6466,14.4667273466389,2,a3,1,1
6467,14.4833940271944,2,a3,1,1
6468,14.5000606633056,2,a3,1,1
6469,14.5167272994167,2,a3,1,1
6470,14.5333943133056,2,a3,1,1
6471,14.5500613188611,2,a3,1,1
6472,14.5667278216389,2,a3,1,1
6473,14.5833946994167,2,a3,1,1
6474,14.6000615799722,2,a3,1,1
6475,14.6167286049722,2,a3,1,1
6476,14.6333953216389,2,a3,1,1
6477,14.6500621271944,2,a3,1,1
6478,14.6667287994167,2,a3,1,1
6479,14.6833953633056,2,a3,1,1
6480,14.7000620771944,2,a3,1,1
6481,14.7167286660833,2,a3,1,1
6482,14.7333954105278,2,a3,1,1
6483,14.7500619855278,2,a3,1,1
6484,14.7667286216389,2,a3,1,1
6485,14.7833953799722,2,a3,1,1
6486,14.8000624688611,2,a3,1,1
6487,14.8167289688611,2,a3,1,1
6488,14.8333960966389,2,a3,1,1
6489,14.8500629355278,2,a3,1,1
6490,14.8667299410833,2,a3,1,1
6491,14.8833968105278,2,a3,1,1
6492,14.90006333275,2,a3,1,1
6493,14.9167300549722,2,a3,1,1
6494,14.9333968771944,2,a3,1,1
6495,14.95006335775,2,a3,1,1
6496,14.9667301160833,2,a3,1,1
6497,14.9833967994167,2,a3,1,1
6498,15.0000633271944,2,a3,1,1
6499,15.0167300216389,2,a3,1,1
6500,15.0333968688611,2,a3,1,1
6501,15.0500635438611,2,a3,1,1
6502,15.0667304549722,2,a3,1,1
6503,15.0833970521944,2,a3,1,1
6504,15.1000637855278,2,a3,1,1
6505,15.1167304466389,2,a3,1,1
6506,15.1333973355278,2,a3,1,1
6507,15.1500641883056,2,a3,1,1
6508,15.1667308383056,2,a3,1,1
6509,15.18339770775,2,a3,1,1
6510,15.2000643799722,2,a3,1,1
6511,15.2167309549722,2,a3,1,1
6512,15.2333976549722,2,a3,1,1
6513,15.2500641744167,2,a3,1,1
6514,15.2667308160833,2,a3,1,1
6515,15.2833975494167,2,a3,1,1
6516,15.3000643105278,2,a3,1,1
6517,15.3167308660833,2,a3,1,1
6518,15.33339775775,2,a3,1,1
6519,15.3500643744167,2,a3,1,1
6520,15.3667313494167,2,a3,1,1
6521,15.3833979299722,2,a3,1,1
6522,15.4000645438611,2,a3,1,1
6523,15.4167312938611,2,a3,1,1
6524,15.43339793275,2,a3,1,1
6525,15.4500645355278,2,a3,1,1
6526,15.46673113275,2,a3,1,1
6527,15.4833979494167,2,a3,1,1
6528,15.5000646133056,2,a3,1,1
6529,15.5167311966389,2,a3,1,1
6530,15.5333980160833,2,a3,1,1
6531,15.5500644688611,2,a3,1,1
6532,15.56673113275,2,a3,1,1
6533,15.5833982355278,2,a3,1,1
6534,15.6000649688611,2,a3,1,1
6535,15.6167315438611,2,a3,1,1
6536,15.6333981744167,2,a3,1,1
6537,15.6500649105278,2,a3,1,1
6538,15.6667316160833,2,a3,1,1
6539,15.6833982021944,2,a3,1,1
6540,15.7000651744167,2,a3,1,1
6541,15.71673170775,2,a3,1,1
6542,15.73339835775,2,a3,1,1
6543,15.7500650355278,2,a3,1,1
6544,15.7667317160833,2,a3,1,1
6545,15.7833984466389,2,a3,1,1
6546,15.8000650271944,2,a3,1,1
6547,15.8167317549722,2,a3,1,1
6548,15.8333983938611,2,a3,1,1
6549,15.8500653105278,2,a3,1,1
6550,15.8667324299722,2,a3,1,1
6551,15.8833990216389,2,a3,1,1
6552,15.9000656410833,2,a3,1,1
6553,15.9167324966389,2,a3,1,1
6554,15.9333993716389,2,a3,1,1
6555,15.95006590775,2,a3,1,1
6556,15.9667326410833,2,a3,1,1
6557,15.9833994216389,2,a3,1,1
6558,16.0000663216389,2,a3,1,1
6559,16.0167330744167,2,a3,1,1
6560,16.0333996133056,2,a3,1,1
6561,16.0500663910833,2,a3,1,1
6562,16.0667333744167,2,a3,1,1
6563,16.0834004633056,2,a3,1,1
6564,16.1000671799722,2,a3,1,1
6565,16.1167337521944,2,a3,1,1
6566,16.1334003105278,2,a3,1,1
6567,16.1500671660833,2,a3,1,1
6568,16.1667336605278,2,a3,1,1
6569,16.1834008271944,2,a3,1,1
6570,16.2000674688611,2,a3,1,1
6571,16.2167340633056,2,a3,1,1
6572,16.2334007188611,2,a3,1,1
6573,16.2500673299722,2,a3,1,1
6574,16.2667340994167,2,a3,1,1
6575,16.2834006438611,2,a3,1,1
6576,16.30006755775,2,a3,1,1
6577,16.3167343216389,2,a3,1,1
6578,16.3334012271944,2,a3,1,1
6579,16.3500679244167,2,a3,1,1
6580,16.3667346883056,2,a3,1,1
6581,16.3834012021944,2,a3,1,1
6582,16.4000680049722,2,a3,1,1
6583,16.4167346271944,2,a3,1,1
6584,16.43340135775,2,a3,1,1
6585,16.4500681049722,2,a3,1,1
6586,16.46673490775,2,a3,1,1
6587,16.4834016133056,2,a3,1,1
6588,16.5000682494167,2,a3,1,1
6589,16.5167352521944,2,a3,1,1
6590,16.5334017299722,2,a3,1,1
6591,16.5500683688611,2,a3,1,1
6592,16.5667351244167,2,a3,1,1
6593,16.5834017466389,2,a3,1,1
6594,16.6000685633056,2,a3,1,1
6595,16.6167351021944,2,a3,1,1
6596,16.6334022021944,2,a3,1,1
6597,16.6500688799722,2,a3,1,1
6598,16.6667357994167,2,a3,1,1
6599,16.6834025438611,2,a3,1,1
6600,16.7000691994167,2,a3,1,1
6601,16.7167358799722,2,a3,1,1
6602,16.73340255775,2,a3,1,1
6603,16.7500692244167,2,a3,1,1
6604,16.7667363549722,2,a3,1,1
6605,16.7834029271944,2,a3,1,1
6606,16.8000695660833,2,a3,1,1
6607,16.81673625775,2,a3,1,1
6608,16.8334029494167,2,a3,1,1
6609,16.8500696605278,2,a3,1,1
6610,16.8667366021944,2,a3,1,1
6611,16.8834030771944,2,a3,1,1
6612,16.9000699966389,2,a3,1,1
6613,16.9167368021944,2,a3,1,1
6614,16.9334036299722,2,a3,1,1
6615,16.9500705244167,2,a3,1,1
6616,16.96673693275,2,a3,1,1
6617,16.9834037910833,2,a3,1,1
6618,17.0000704744167,2,a3,1,1
6619,17.0167369299722,2,a3,1,1
6620,17.0334035771944,2,a3,1,1
6621,17.05007035775,2,a3,1,1
6622,17.0667371938611,2,a3,1,1
6623,17.0834041466389,2,a3,1,1
6624,17.1000706855278,2,a3,1,1
6625,17.1167375799722,2,a3,1,1
6626,17.1334043521944,2,a3,1,1
6627,17.1500708605278,2,a3,1,1
6628,17.1667375799722,2,a3,1,1
6629,17.1834044466389,2,a3,1,1
6630,17.2000710744167,2,a3,1,1
6631,17.2167376938611,2,a3,1,1
6632,17.2334043160833,2,a3,1,1
6633,17.2500708188611,2,a3,1,1
6634,17.2667375633056,2,a3,1,1
6635,17.2834042799722,2,a3,1,1
6636,17.3000709133056,2,a3,1,1
6637,17.3167376299722,2,a3,1,1
6638,17.3334041688611,2,a3,1,1
6639,17.3500708994167,2,a3,1,1
6640,17.3667377605278,2,a3,1,1
6641,17.3834042494167,2,a3,1,1
6642,17.4000710855278,2,a3,1,1
6643,17.4167375244167,2,a3,1,1
6644,17.4334045799722,2,a3,1,1
6645,17.4500715660833,2,a3,1,1
6646,17.4667381883056,2,a3,1,1
6647,17.4834049549722,2,a3,1,1
6648,17.5000714883056,2,a3,1,1
6649,17.5167381938611,2,a3,1,1
6650,17.5334049355278,2,a3,1,1
6651,17.5500716910833,2,a3,1,1
6652,17.5667385133056,2,a3,1,1
6653,17.5834052549722,2,a3,1,1
6654,17.60007185775,2,a3,1,1
6655,17.6167387966389,2,a3,1,1
6656,17.6334054383056,2,a3,1,1
6657,17.6500725021944,2,a3,1,1
6658,17.6667392633056,2,a3,1,1
6659,17.6834058410833,2,a3,1,1
6660,17.7000728271944,2,a3,1,1
6661,17.7167395383056,2,a3,1,1
6662,17.73340633275,2,a3,1,1
6663,17.7500728021944,2,a3,1,1
6664,17.7667396771944,2,a3,1,1
6665,17.78340623275,2,a3,1,1
6666,17.8000727716389,2,a3,1,1
6667,17.8167395966389,2,a3,1,1
6668,17.8334064216389,2,a3,1,1
6669,17.8500731521944,2,a3,1,1
6670,17.8667400883056,2,a3,1,1
6671,17.8834064688611,2,a3,1,1
6672,17.9000731105278,2,a3,1,1
6673,17.9167398049722,2,a3,1,1
6674,17.9334066299722,2,a3,1,1
6675,17.9500731716389,2,a3,1,1
6676,17.9667398355278,2,a3,1,1
6677,17.9834067549722,2,a3,1,1
6678,18.0000735271944,2,a3,1,1
6679,18.0167401133056,2,a3,1,1
6680,18.03340683275,2,a3,1,1
6681,18.0500735355278,2,a3,1,1
6682,18.0667402299722,2,a3,1,1
6683,18.0834068966389,2,a3,1,1
6684,18.1000734938611,2,a3,1,1
6685,18.1167402688611,2,a3,1,1
6686,18.1334067966389,2,a3,1,1
6687,18.1500737438611,2,a3,1,1
6688,18.1667408160833,2,a3,1,1
6689,18.1834076799722,2,a3,1,1
6690,18.2000742883056,2,a3,1,1
6691,18.2167412244167,2,a3,1,1
6692,18.2334079994167,2,a3,1,1
6693,18.2500746188611,2,a3,1,1
6694,18.2667413355278,2,a3,1,1
6695,18.2834077883056,2,a3,1,1
6696,18.3000746188611,2,a3,1,1
6697,18.3167412105278,2,a3,1,1
6698,18.3334079216389,2,a3,1,1
6699,18.3500746188611,2,a3,1,1
6700,18.36674145775,2,a3,1,1
6701,18.3834083966389,2,a3,1,1
6702,18.4000754188611,2,a3,1,1
6703,18.4167421799722,2,a3,1,1
6704,18.43340875775,2,a3,1,1
6705,18.4500753910833,2,a3,1,1
6706,18.4667421049722,2,a3,1,1
6707,18.48340878275,2,a3,1,1
6708,18.5000753966389,2,a3,1,1
6709,18.5167419799722,2,a3,1,1
6710,18.5334087021944,2,a3,1,1
6711,18.55007535775,2,a3,1,1
6712,18.5667421966389,2,a3,1,1
6713,18.5834086938611,2,a3,1,1
6714,18.6000753633056,2,a3,1,1
6715,18.61674205775,2,a3,1,1
6716,18.6334086355278,2,a3,1,1
6717,18.6500754133056,2,a3,1,1
6718,18.6667423355278,2,a3,1,1
6719,18.6834090355278,2,a3,1,1
6720,18.7000756605278,2,a3,1,1
6721,18.7167424049722,2,a3,1,1
6722,18.7334089049722,2,a3,1,1
6723,18.7500757799722,2,a3,1,1
6724,18.76674228275,2,a3,1,1
6725,18.7834089216389,2,a3,1,1
6726,18.8000758688611,2,a3,1,1
6727,18.8167425633056,2,a3,1,1
6728,18.8334093494167,2,a3,1,1
6729,18.85007598275,2,a3,1,1
6730,18.8667425216389,2,a3,1,1
6731,18.8834094521944,2,a3,1,1
6732,18.9000761244167,2,a3,1,1
6733,18.91674300775,2,a3,1,1
6734,18.9334097438611,2,a3,1,1
6735,18.9500765410833,2,a3,1,1
6736,18.9667432271944,2,a3,1,1
6737,18.9834099410833,2,a3,1,1
6738,19.0000763771944,2,a3,1,1
6739,19.0167431633056,2,a3,1,1
6740,19.0334099216389,2,a3,1,1
6741,19.0500766105278,2,a3,1,1
6742,19.0667431410833,2,a3,1,1
6743,19.0834099660833,2,a3,1,1
6744,19.1000766299722,2,a3,1,1
6745,19.1167435799722,2,a3,1,1
6746,19.1334100910833,2,a3,1,1
6747,19.1500769633056,2,a3,1,1
6748,19.1667436188611,2,a3,1,1
6749,19.18341065775,2,a3,1,1
6750,19.2000776605278,2,a3,1,1
6751,19.2167441938611,2,a3,1,1
6752,19.2334108716389,2,a3,1,1
6753,19.2500775383056,2,a3,1,1
6754,19.26674428275,2,a3,1,1
6755,19.2834109605278,2,a3,1,1
6756,19.3000776744167,2,a3,1,1
6757,19.3167445355278,2,a3,1,1
6758,19.3334113216389,2,a3,1,1
6759,19.3500782605278,2,a3,1,1
6760,19.3667451716389,2,a3,1,1
6761,19.3834122049722,2,a3,1,1
6762,19.4000786744167,2,a3,1,1
6763,19.4167456521944,2,a3,1,1
6764,19.4334126438611,2,a3,1,1
6765,19.4500792605278,2,a3,1,1
6766,19.4667459549722,2,a3,1,1
6767,19.4834127049722,2,a3,1,1
6768,19.5000793799722,2,a3,1,1
6769,19.51674578275,2,a3,1,1
6770,19.5334125188611,2,a3,1,1
6771,19.5500794799722,2,a3,1,1
6772,19.5667458994167,2,a3,1,1
6773,19.5834129049722,2,a3,1,1
6774,19.6000800021944,2,a3,1,1
6775,19.6167465716389,2,a3,1,1
6776,19.6334132910833,2,a3,1,1
6777,19.6500796938611,2,a3,1,1
6778,19.6667464660833,2,a3,1,1
6779,19.6834131521944,2,a3,1,1
6780,19.7000798910833,2,a3,1,1
6781,19.7167464133056,2,a3,1,1
6782,19.73341310775,2,a3,1,1
6783,19.7500798771944,2,a3,1,1
6784,19.76674640775,2,a3,1,1
6785,19.7834131521944,2,a3,1,1
6786,19.8000799188611,2,a3,1,1
6787,19.8167465466389,2,a3,1,1
6788,19.8334130883056,2,a3,1,1
6789,19.8500799771944,2,a3,1,1
6790,19.8667465716389,2,a3,1,1
6791,19.8834132271944,2,a3,1,1
6792,19.9000798521944,2,a3,1,1
6793,19.9167465716389,2,a3,1,1
6794,19.9334133938611,2,a3,1,1
6795,19.9500801966389,2,a3,1,1
6796,19.9667468299722,2,a3,1,1
6797,19.9834135244167,2,a3,1,1
6798,1.1166703395,0,a4,0,0
6799,1.13333723616667,0,a4,0,0
6800,1.15000431144444,0,a4,0,0
6801,1.16667144255556,0,a4,0,0
6802,1.18333838811111,0,a4,0,0
6803,1.200005077,0,a4,0,0
6804,1.21667153394444,0,a4,0,0
6805,1.23333813616667,0,a4,0,0
6806,1.25000508866667,0,a4,0,0
6807,1.26667166422222,0,a4,0,0
6808,1.28333836894444,0,a4,0,0
6809,1.30000513505556,0,a4,0,0
6810,1.31667222755556,0,a4,0,0
6811,1.33333893311111,0,a4,0,0
6812,1.35000563588889,0,a4,0,0
6813,1.36667239061111,0,a4,0,0
6814,1.3833391395,0,a4,0,0
6815,1.40000561394444,0,a4,0,0
6816,1.4166724295,0,a4,0,0
6817,1.43333935422222,0,a4,0,0
6818,1.45000607866667,0,a4,0,0
6819,1.466672787,0,a4,0,0
6820,1.48333930811111,0,a4,0,0
6821,1.50000614227778,0,a4,0,0
6822,1.51667277588889,0,a4,0,0
6823,1.53333967977778,0,a4,0,0
6824,1.55000617227778,0,a4,0,0
6825,1.56667290255556,0,a4,0,0
6826,1.58333974255556,0,a4,0,0
6827,1.60000620672222,0,a4,0,0
6828,1.61667288227778,0,a4,0,0
6829,1.63333961644444,0,a4,0,0
6830,1.65000656811111,0,a4,0,0
6831,1.66667325783333,0,a4,0,0
6832,1.68334021866667,0,a4,0,0
6833,1.70000726088889,0,a4,0,0
6834,1.71667393477778,0,a4,0,0
6835,1.73334083144444,0,a4,0,0
6836,1.75000728533333,0,a4,0,0
6837,1.76667428394444,0,a4,0,0
6838,1.78334092422222,0,a4,0,0
6839,1.80000795172222,0,a4,0,0
6840,1.81667476394444,0,a4,0,0
6841,1.83334138755556,0,a4,0,0
6842,1.85000836033333,0,a4,0,0
6843,1.86667481755556,0,a4,0,0
6844,1.883341967,0,a4,0,0
6845,1.90000857838889,0,a4,0,0
6846,1.91667537088889,0,a4,0,0
6847,1.93334227255556,0,a4,0,0
6848,1.95000890283333,0,a4,0,0
6849,1.96667550616667,0,a4,0,0
6850,1.98334216922222,0,a4,0,0
6851,2.00000914811111,0,a4,0,0
6852,2.01667586838889,0,a4,0,0
6853,2.03334266255556,0,a4,0,0
6854,2.05000937561111,0,a4,0,0
6855,2.066675962,0,a4,0,0
6856,2.08334260616667,0,a4,0,0
6857,2.10000965227778,0,a4,0,0
6858,2.11667637977778,0,a4,0,0
6859,2.13334298088889,0,a4,0,0
6860,2.15001004755556,0,a4,0,0
6861,2.166676557,0,a4,0,0
6862,2.18334335894444,0,a4,0,0
6863,2.20000984977778,0,a4,0,0
6864,2.21667661838889,0,a4,0,0
6865,2.233343392,0,a4,0,0
6866,2.25001007477778,0,a4,0,0
6867,2.26667708227778,0,a4,0,0
6868,2.28334367672222,0,a4,0,0
6869,2.30001038588889,0,a4,0,0
6870,2.3166772145,0,a4,0,0
6871,2.33334378977778,0,a4,0,0
6872,2.35001043005556,0,a4,0,0
6873,2.36667745422222,0,a4,0,0
6874,2.38334412088889,0,a4,0,0
6875,2.40001091366667,0,a4,0,0
6876,2.41667740838889,0,a4,0,0
6877,2.43334413977778,0,a4,0,0
6878,2.45001077644444,0,a4,0,0
6879,2.46667730672222,0,a4,0,0
6880,2.48334414422222,0,a4,0,0
6881,2.50001075394444,0,a4,0,0
6882,2.51667771922222,0,a4,0,0
6883,2.533344332,0,a4,0,0
6884,2.55001098477778,0,a4,0,0
6885,2.56667767922222,0,a4,0,0
6886,2.58334423755556,0,a4,0,0
6887,2.60001091811111,0,a4,0,0
6888,2.616677582,0,a4,0,0
6889,2.63334438477778,0,a4,0,0
6890,2.65001094033333,0,a4,0,0
6891,2.66667782644444,0,a4,0,0
6892,2.68334425977778,0,a4,0,0
6893,2.700011482,0,a4,0,0
6894,2.716678032,0,a4,0,0
6895,2.73334459311111,0,a4,0,0
6896,2.75001128477778,0,a4,0,0
6897,2.76667790977778,0,a4,0,0
6898,2.783344807,0,a4,0,0
6899,2.80001141533333,0,a4,0,0
6900,2.81667798755556,0,a4,0,0
6901,2.83334505144444,0,a4,0,0
6902,2.85001148755556,0,a4,0,0
6903,2.86667864866667,0,a4,0,0
6904,2.88334512088889,0,a4,0,0
6905,2.90001206255556,0,a4,0,0
6906,2.91667876255556,0,a4,0,0
6907,2.93334552088889,0,a4,0,0
6908,2.950012132,0,a4,0,0
6909,2.966679132,0,a4,0,0
6910,2.98334577644444,0,a4,0,0
6911,3.00001244866667,0,a4,0,0
6912,3.01667904033333,0,a4,0,0
6913,3.03334608477778,0,a4,0,0
6914,3.05001302644444,0,a4,0,0
6915,3.06667961255556,0,a4,0,0
6916,3.08334642644444,0,a4,0,0
6917,3.100013007,0,a4,0,0
6918,3.11667954033333,0,a4,0,0
6919,3.133346232,0,a4,0,0
6920,3.15001298477778,0,a4,0,0
6921,3.16667972088889,0,a4,0,0
6922,3.18334637644444,0,a4,0,0
6923,3.20001324866667,0,a4,0,0
6924,3.21667994866667,0,a4,0,0
6925,3.23334673477778,0,a4,0,0
6926,3.25001362366667,0,a4,0,0
6927,3.26668022088889,0,a4,0,0
6928,3.283346832,0,a4,0,0
6929,3.30001354588889,0,a4,0,0
6930,3.31668015144444,0,a4,0,0
6931,3.33334722644444,0,a4,0,0
6932,3.35001378755556,0,a4,0,0
6933,3.36668061533333,0,a4,0,0
6934,3.383347407,0,a4,0,0
6935,3.40001422366667,0,a4,0,0
6936,3.41668098755556,0,a4,0,0
6937,3.43334774033333,0,a4,0,0
6938,3.45001443477778,0,a4,0,0
6939,3.46668138477778,0,a4,0,0
6940,3.48334822644444,0,a4,0,0
6941,3.50001486811111,0,a4,0,0
6942,3.51668154311111,0,a4,0,0
6943,3.53334838755556,0,a4,0,0
6944,3.55001502366667,0,a4,0,0
6945,3.56668169588889,0,a4,0,0
6946,3.583348282,0,a4,0,0
6947,3.60001509033333,0,a4,0,0
6948,3.61668155144444,0,a4,0,0
6949,3.63334845144444,0,a4,0,0
6950,3.65001518755556,0,a4,0,0
6951,3.66668214588889,0,a4,0,0
6952,3.68334870144444,0,a4,0,0
6953,3.70001572366667,0,a4,0,0
6954,3.71668244866667,0,a4,0,0
6955,3.73334917366667,0,a4,0,0
6956,3.75001589311111,0,a4,0,0
6957,3.76668280144444,0,a4,0,0
6958,3.78334954588889,0,a4,0,0
6959,3.80001634311111,0,a4,0,0
6960,3.81668309866667,0,a4,0,0
6961,3.83334960977778,0,a4,0,0
6962,3.850016432,0,a4,0,0
6963,3.86668287922222,0,a4,0,0
6964,3.88334955977778,0,a4,0,0
6965,3.90001658477778,0,a4,0,0
6966,3.91668313755556,0,a4,0,0
6967,3.93335023755556,0,a4,0,0
6968,3.95001710144444,0,a4,0,0
6969,3.96668384866667,0,a4,0,0
6970,3.98335086533333,0,a4,0,0
6971,4.000017557,0,a4,0,0
6972,4.01668418755556,0,a4,0,0
6973,4.03335101533333,0,a4,0,0
6974,4.05001779311111,0,a4,0,0
6975,4.06668455144445,0,a4,0,0
6976,4.08335116533333,0,a4,0,0
6977,4.10001772088889,0,a4,0,0
6978,4.11668472922222,0,a4,0,0
6979,4.13335145144444,0,a4,0,0
6980,4.15001824033333,0,a4,0,0
6981,4.16668482922222,0,a4,0,0
6982,4.18335164311111,0,a4,0,0
6983,4.20001861533333,0,a4,0,0
6984,4.21668526811111,0,a4,0,0
6985,4.23335172644444,0,a4,0,0
6986,4.25001861255556,0,a4,0,0
6987,4.26668525144444,0,a4,0,0
6988,4.28335179588889,0,a4,0,0
6989,4.30001858755556,0,a4,0,0
6990,4.31668533477778,0,a4,0,0
6991,4.33335188477778,0,a4,0,0
6992,4.35001866255556,0,a4,0,0
6993,4.36668514311111,0,a4,0,0
6994,4.38335226811111,0,a4,0,0
6995,4.40001890977778,0,a4,0,0
6996,4.41668559866667,0,a4,0,0
6997,4.43335209311111,0,a4,0,0
6998,4.45001880144445,0,a4,0,0
6999,4.46668567644444,0,a4,0,0
7000,4.48335239866667,0,a4,0,0
7001,4.50001905422222,0,a4,0,0
7002,4.51668579311111,0,a4,0,0
7003,4.533352557,0,a4,0,0
7004,4.550019157,0,a4,0,0
7005,4.566686107,0,a4,0,0
7006,4.58335273477778,0,a4,0,0
7007,4.60001925977778,0,a4,0,0
7008,4.616686032,0,a4,0,0
7009,4.63335283755556,0,a4,0,0
7010,4.65001937366667,0,a4,0,0
7011,4.666685932,0,a4,0,0
7012,4.68335275422222,0,a4,0,0
7013,4.70001949588889,0,a4,0,0
7014,4.71668609866667,0,a4,0,0
7015,4.73335266255556,0,a4,0,0
7016,4.75001942366667,0,a4,0,0
7017,4.76668611811111,0,a4,0,0
7018,4.78335258477778,0,a4,0,0
7019,4.80001943477778,0,a4,0,0
7020,4.816686257,0,a4,0,0
7021,4.83335299311111,0,a4,0,0
7022,4.85001989588889,0,a4,0,0
7023,4.86668665422222,0,a4,0,0
7024,4.88335327922222,0,a4,0,0
7025,4.90002002644444,0,a4,0,0
7026,4.916686982,0,a4,0,0
7027,4.93335369311111,0,a4,0,0
7028,4.950020407,0,a4,0,0
7029,4.96668699588889,0,a4,0,0
7030,4.98335417088889,0,a4,0,0
7031,5.00002072644445,0,a4,1,-1
7032,5.01668744588889,0,a4,1,-1
7033,5.03335405144445,0,a4,1,-1
7034,5.050020657,0,a4,0,-1
7035,5.06668742644445,0,a4,1,-1
7036,5.08335399588889,0,a4,1,-1
7037,5.10002066811111,0,a4,1,-1
7038,5.11668776811111,0,a4,1,-1
7039,5.133354782,0,a4,1,-1
7040,5.15002121533333,0,a4,1,-1
7041,5.16668808477778,0,a4,1,-1
7042,5.18335474866667,0,a4,1,-1
7043,5.20002132644444,0,a4,1,-1
7044,5.21668809588889,0,a4,1,-1
7045,5.23335469311111,0,a4,1,-1
7046,5.25002139866667,0,a4,1,-1
7047,5.26668921533333,0,a4,1,-1
7048,5.28335572644445,0,a4,1,-1
7049,5.30002236811111,0,a4,1,-1
7050,5.31668901533333,0,a4,1,-1
7051,5.33335567088889,0,a4,1,-1
7052,5.35002265422222,0,a4,1,-1
7053,5.36668932644444,0,a4,1,-1
7054,5.38335595977778,0,a4,1,-1
7055,5.40002309866667,0,a4,1,-1
7056,5.41669004866667,0,a4,1,-1
7057,5.43335695422222,0,a4,1,-1
7058,5.45002368755556,0,a4,1,-1
7059,5.46669063755556,0,a4,1,-1
7060,5.48335718755556,0,a4,1,-1
7061,5.50002379311111,0,a4,1,-1
7062,5.51669057366667,0,a4,1,-1
7063,5.53335719866667,0,a4,1,-1
7064,5.55002376255556,0,a4,1,-1
7065,5.56669052088889,0,a4,1,-1
7066,5.58335746255556,0,a4,1,-1
7067,5.60002414033333,0,a4,1,-1
7068,5.61669087644444,0,a4,1,-1
7069,5.63335743477778,0,a4,1,-1
7070,5.65002422366667,0,a4,1,-1
7071,5.66669084588889,0,a4,1,-1
7072,5.68335752366667,0,a4,1,-1
7073,5.70002394588889,0,a4,1,-1
7074,5.71669090144445,0,a4,1,-1
7075,5.73335792922222,0,a4,1,-1
7076,5.75002503477778,0,a4,1,-1
7077,5.76669146255556,0,a4,1,-1
7078,5.78335821533333,0,a4,1,-1
7079,5.800025007,0,a4,1,-1
7080,5.81669152922222,0,a4,1,-1
7081,5.83335817922222,0,a4,1,-1
7082,5.85002508477778,0,a4,1,-1
7083,5.86669146811111,0,a4,1,-1
7084,5.88335848755556,0,a4,1,-1
7085,5.900025257,0,a4,1,-1
7086,5.91669184588889,0,a4,1,-1
7087,5.93335841811111,0,a4,1,-1
7088,5.95002534588889,0,a4,1,-1
7089,5.966691982,0,a4,1,-1
7090,5.98335860422222,0,a4,1,-1
7091,6.000025332,0,a4,1,-1
7092,6.01669179588889,0,a4,1,-1
7093,6.03335845144445,0,a4,1,-1
7094,6.05002556811111,0,a4,1,-1
7095,6.06669227644444,0,a4,1,-1
7096,6.083359132,0,a4,1,-1
7097,6.10002597644444,0,a4,1,-1
7098,6.11669291811111,0,a4,1,-1
7099,6.13335985144445,0,a4,1,-1
7100,6.15002654033333,0,a4,1,-1
7101,6.16669337088889,0,a4,1,-1
7102,6.18335992922222,0,a4,1,-1
7103,6.20002675422222,0,a4,1,-1
7104,6.21669353755556,0,a4,1,-1
7105,6.23336009033333,0,a4,1,-1
7106,6.25002686533333,0,a4,1,-1
7107,6.26669342644445,0,a4,1,-1
7108,6.28336009311111,0,a4,1,-1
7109,6.30002699311111,0,a4,1,-1
7110,6.31669350144444,0,a4,1,-1
7111,6.33336018755556,0,a4,1,-1
7112,6.35002702088889,0,a4,1,-1
7113,6.36669374588889,0,a4,1,-1
7114,6.38336046811111,0,a4,1,-1
7115,6.40002729033333,0,a4,1,-1
7116,6.416694132,0,a4,1,-1
7117,6.43336078477778,0,a4,1,-1
7118,6.45002731255556,0,a4,1,-1
7119,6.46669421811111,0,a4,1,-1
7120,6.48336078755556,0,a4,1,-1
7121,6.50002734311111,0,a4,1,-1
7122,6.51669436811111,0,a4,1,-1
7123,6.533360932,0,a4,1,-1
7124,6.55002782644444,0,a4,1,-1
7125,6.56669452088889,0,a4,1,-1
7126,6.58336124311111,0,a4,1,-1
7127,6.60002785977778,0,a4,1,-1
7128,6.616694757,0,a4,1,-1
7129,6.63336141533333,0,a4,1,-1
7130,6.65002821811111,0,a4,1,-1
7131,6.66669511255556,0,a4,1,-1
7132,6.68336149033333,0,a4,1,-1
7133,6.70002831533333,0,a4,1,-1
7134,6.71669523477778,0,a4,1,-1
7135,6.73336223755556,0,a4,1,-1
7136,6.75002920422222,0,a4,1,-1
7137,6.76669576533333,0,a4,1,-1
7138,6.783362532,0,a4,1,-1
7139,6.80002902644444,0,a4,1,-1
7140,6.81669583755556,0,a4,1,-1
7141,6.83336248755556,0,a4,1,-1
7142,6.85002902366667,0,a4,1,-1
7143,6.86669607922222,0,a4,1,-1
7144,6.88336284588889,0,a4,1,-1
7145,6.90002989866667,0,a4,1,-1
7146,6.91669662366667,0,a4,1,-1
7147,6.93336320422222,0,a4,1,-1
7148,6.95002982366667,0,a4,1,-1
7149,6.96669652922222,0,a4,1,-1
7150,6.98336315422222,0,a4,1,-1
7151,7.00002986255556,0,a4,1,-1
7152,7.01669669311111,0,a4,1,-1
7153,7.03336319311111,0,a4,1,-1
7154,7.05003003755556,0,a4,1,-1
7155,7.06669660144444,0,a4,1,-1
7156,7.08336334033333,0,a4,1,-1
7157,7.10002996533333,0,a4,1,-1
7158,7.11669653755556,0,a4,1,-1
7159,7.13336317366667,0,a4,1,-1
7160,7.15003024311111,0,a4,1,-1
7161,7.16669696533333,0,a4,1,-1
7162,7.18336366255556,0,a4,1,-1
7163,7.20003031811111,0,a4,1,-1
7164,7.21669714866667,0,a4,1,-1
7165,7.23336371255556,0,a4,1,-1
7166,7.25003062366667,0,a4,1,-1
7167,7.26669721533333,0,a4,1,-1
7168,7.28336369033333,0,a4,1,-1
7169,7.30003050422222,0,a4,1,-1
7170,7.31669719866667,0,a4,1,-1
7171,7.33336407088889,0,a4,1,-1
7172,7.35003102922222,0,a4,1,-1
7173,7.36669768477778,0,a4,1,-1
7174,7.38336436533333,0,a4,1,-1
7175,7.40003100144444,0,a4,1,-1
7176,7.41669764588889,0,a4,1,-1
7177,7.43336424588889,0,a4,1,-1
7178,7.45003145144444,0,a4,1,-1
7179,7.46669830144445,0,a4,1,-1
7180,7.48336498755556,0,a4,1,-1
7181,7.50003165422222,0,a4,1,-1
7182,7.516698232,0,a4,1,-1
7183,7.533364957,0,a4,1,-1
7184,7.55003186255556,0,a4,1,-1
7185,7.56669860422222,0,a4,1,-1
7186,7.58336527366667,0,a4,1,-1
7187,7.60003202922222,0,a4,1,-1
7188,7.61669891811111,0,a4,1,-1
7189,7.63336579866667,0,a4,1,-1
7190,7.65003227366667,0,a4,1,-1
7191,7.66669932922222,0,a4,1,-1
7192,7.68336622366667,0,a4,1,-1
7193,7.70003290144444,0,a4,1,-1
7194,7.716699757,0,a4,1,-1
7195,7.73336638477778,0,a4,1,-1
7196,7.750032882,0,a4,1,-1
7197,7.76669964866667,0,a4,1,-1
7198,7.78336639866667,0,a4,1,-1
7199,7.80003300977778,0,a4,1,-1
7200,7.81669956533333,0,a4,1,-1
7201,7.83336650422222,0,a4,1,-1
7202,7.85003319033333,0,a4,1,-1
7203,7.86670003477778,0,a4,1,-1
7204,7.88336652088889,0,a4,1,-1
7205,7.90003324033333,0,a4,1,-1
7206,7.91669993755556,0,a4,1,-1
7207,7.93336653477778,0,a4,1,-1
7208,7.95003329866667,0,a4,1,-1
7209,7.96670005977778,0,a4,1,-1
7210,7.98336677366667,0,a4,1,-1
7211,8.00003377088889,0,a4,1,-1
7212,8.016700582,0,a4,1,-1
7213,8.03336722088889,0,a4,1,-1
7214,8.05003377366667,0,a4,1,-1
7215,8.06670051811111,0,a4,1,-1
7216,8.08336699588889,0,a4,1,-1
7217,8.10003382644445,0,a4,1,-1
7218,8.11670084311111,0,a4,1,-1
7219,8.13336755422222,0,a4,1,-1
7220,8.15003402922222,0,a4,1,-1
7221,8.16670104588889,0,a4,1,-1
7222,8.18336760977778,0,a4,1,-1
7223,8.20003467922222,0,a4,1,-1
7224,8.21670130422222,0,a4,1,-1
7225,8.23336815422222,0,a4,1,-1
7226,8.25003461533333,0,a4,1,-1
7227,8.26670120144444,0,a4,1,-1
7228,8.28336837644444,0,a4,1,-1
7229,8.30003480977778,0,a4,1,-1
7230,8.31670160977778,0,a4,1,-1
7231,8.33336823755556,0,a4,1,-1
7232,8.35003489311111,0,a4,1,-1
7233,8.36670150977778,0,a4,1,-1
7234,8.38336832088889,0,a4,1,-1
7235,8.40003490144444,0,a4,1,-1
7236,8.41670170144445,0,a4,1,-1
7237,8.433368657,0,a4,1,-1
7238,8.45003534033333,0,a4,1,-1
7239,8.46670181255556,0,a4,1,-1
7240,8.483368482,0,a4,1,-1
7241,8.50003513477778,0,a4,1,-1
7242,8.51670197088889,0,a4,1,-1
7243,8.53336862088889,0,a4,1,-1
7244,8.55003525144445,0,a4,1,-1
7245,8.566701882,0,a4,1,-1
7246,8.58336846811111,0,a4,1,-1
7247,8.60003534311111,0,a4,1,-1
7248,8.616701882,0,a4,1,-1
7249,8.63336847366667,0,a4,1,-1
7250,8.65003522366667,0,a4,1,-1
7251,8.66670221533333,0,a4,1,-1
7252,8.68336897922222,0,a4,1,-1
7253,8.70003593755556,0,a4,1,-1
7254,8.71670305144444,0,a4,1,-1
7255,8.733369532,0,a4,1,-1
7256,8.75003636811111,0,a4,1,-1
7257,8.76670288755555,0,a4,1,-1
7258,8.78336976255556,0,a4,1,-1
7259,8.80003644866667,0,a4,1,-1
7260,8.816703032,0,a4,1,-1
7261,8.83336959866667,0,a4,1,-1
7262,8.85003642366667,0,a4,1,-1
7263,8.86670310144444,0,a4,1,-1
7264,8.88336962644444,0,a4,1,-1
7265,8.90003657644445,0,a4,1,-1
7266,8.91670365977778,0,a4,1,-1
7267,8.93337011811111,0,a4,1,-1
7268,8.95003725144445,0,a4,1,-1
7269,8.96670384588889,0,a4,1,-1
7270,8.98337072366667,0,a4,1,-1
7271,9.00003745977778,0,a4,1,-1
7272,9.01670400144445,0,a4,1,-1
7273,9.03337064033333,0,a4,1,-1
7274,9.05003754588889,0,a4,1,-1
7275,9.06670404033333,0,a4,1,-1
7276,9.08337077922222,0,a4,1,-1
7277,9.100037657,0,a4,1,-1
7278,9.11670432366667,0,a4,1,-1
7279,9.13337138477778,0,a4,1,-1
7280,9.15003809866667,0,a4,1,-1
7281,9.16670476533333,0,a4,1,-1
7282,9.18337123477778,0,a4,1,-1
7283,9.20003785422222,0,a4,1,-1
7284,9.21670466533333,0,a4,1,-1
7285,9.23337138477778,0,a4,1,-1
7286,9.25003799588889,0,a4,1,-1
7287,9.26670460977778,0,a4,1,-1
7288,9.28337117366667,0,a4,1,-1
7289,9.30003795422222,0,a4,1,-1
7290,9.31670462922222,0,a4,1,-1
7291,9.33337142644445,0,a4,1,-1
7292,9.35003795422222,0,a4,1,-1
7293,9.36670475422222,0,a4,1,-1
7294,9.38337167644445,0,a4,1,-1
7295,9.40003852366667,0,a4,1,-1
7296,9.41670539311111,0,a4,1,-1
7297,9.43337224866667,0,a4,1,-1
7298,9.45003895422222,0,a4,1,-1
7299,9.466705807,0,a4,1,-1
7300,9.48337255422222,0,a4,1,-1
7301,9.50003939033333,0,a4,1,-1
7302,9.51670642922222,0,a4,1,-1
7303,9.533372882,0,a4,1,-1
7304,9.55003976811111,0,a4,1,-1
7305,9.56670634866667,0,a4,1,-1
7306,9.58337304866667,0,a4,1,-1
7307,9.60003982922222,0,a4,1,-1
7308,9.61670678755556,0,a4,1,-1
7309,9.63337356255556,0,a4,1,-1
7310,9.65004018755556,0,a4,1,-1
7311,9.66670694033333,0,a4,1,-1
7312,9.68337358477778,0,a4,1,-1
7313,9.70004028477778,0,a4,1,-1
7314,9.71670690144444,0,a4,1,-1
7315,9.73337383755556,0,a4,1,-1
7316,9.75004055977778,0,a4,1,-1
7317,9.766707257,0,a4,1,-1
7318,9.78337394311111,0,a4,1,-1
7319,9.80004127366667,0,a4,1,-1
7320,9.81670768477778,0,a4,1,-1
7321,9.83337459588889,0,a4,1,-1
7322,9.85004137922222,0,a4,1,-1
7323,9.86670789866667,0,a4,1,-1
7324,9.88337474311111,0,a4,1,-1
7325,9.90004171811111,0,a4,1,-1
7326,9.91670856255556,0,a4,1,-1
7327,9.93337539588889,0,a4,1,-1
7328,9.95004222088889,0,a4,1,-1
7329,9.96670869311111,0,a4,1,-1
7330,9.98337540144444,0,a4,1,-1
7331,10.0000423292222,0,a4,1,-1
7332,10.0167088458889,0,a4,1,-1
7333,10.0333754486667,0,a4,1,-1
7334,10.0500421903333,0,a4,1,-1
7335,10.0667091708889,0,a4,1,-1
7336,10.0833759736667,0,a4,1,-1
7337,10.100042807,0,a4,1,-1
7338,10.1167094986667,0,a4,1,-1
7339,10.1333762153333,0,a4,1,-1
7340,10.1500430875556,0,a4,1,-1
7341,10.1667096153333,0,a4,1,-1
7342,10.183376707,0,a4,1,-1
7343,10.2000435764444,0,a4,1,-1
7344,10.2167101153333,0,a4,1,-1
7345,10.2333767792222,0,a4,1,-1
7346,10.2500433986667,0,a4,1,-1
7347,10.2667101708889,0,a4,1,-1
7348,10.2833768125556,0,a4,1,-1
7349,10.3000434653333,0,a4,1,-1
7350,10.3167104014444,0,a4,1,-1
7351,10.3333772486667,0,a4,1,-1
7352,10.3500442125556,0,a4,1,-1
7353,10.3667108486667,0,a4,1,-1
7354,10.3833772958889,0,a4,1,-1
7355,10.4000443764444,0,a4,1,-1
7356,10.4167112958889,0,a4,1,-1
7357,10.4333779958889,0,a4,1,-1
7358,10.4500445292222,0,a4,1,-1
7359,10.466711407,0,a4,1,-1
7360,10.483378032,0,a4,1,-1
7361,10.5000446986667,0,a4,1,-1
7362,10.5167113958889,0,a4,1,-1
7363,10.5333780514444,0,a4,1,-1
7364,10.5500445958889,0,a4,1,-1
7365,10.5667112042222,0,a4,1,-1
7366,10.5833779236667,0,a4,1,-1
7367,10.6000449403333,0,a4,1,-1
7368,10.6167116514444,0,a4,1,-1
7369,10.6333783125556,0,a4,1,-1
7370,10.6500448736667,0,a4,1,-1
7371,10.6667119403333,0,a4,1,-1
7372,10.6833788292222,0,a4,1,-1
7373,10.7000454458889,0,a4,1,-1
7374,10.716712332,0,a4,1,-1
7375,10.7333787097778,0,a4,1,-1
7376,10.7500454264444,0,a4,1,-1
7377,10.7667120542222,0,a4,1,-1
7378,10.7833788208889,0,a4,1,-1
7379,10.8000454931111,0,a4,1,-1
7380,10.8167121958889,0,a4,1,-1
7381,10.8333790292222,0,a4,1,-1
7382,10.8500456208889,0,a4,1,-1
7383,10.866712357,0,a4,1,-1
7384,10.883379482,0,a4,1,-1
7385,10.9000459458889,0,a4,1,-1
7386,10.9167130708889,0,a4,1,-1
7387,10.9333797181111,0,a4,1,-1
7388,10.9500462375556,0,a4,1,-1
7389,10.9667128736667,0,a4,1,-1
7390,10.9833796181111,0,a4,1,-1
7391,11.000046332,0,a4,1,-1
7392,11.0167130403333,0,a4,1,-1
7393,11.0333797375556,0,a4,1,-1
7394,11.0500463403333,0,a4,1,-1
7395,11.0667129653333,0,a4,1,-1
7396,11.0833796847778,0,a4,1,-1
7397,11.1000463653333,0,a4,1,-1
7398,11.1167130958889,0,a4,1,-1
7399,11.1333796681111,0,a4,1,-1
7400,11.1500464292222,0,a4,1,-1
7401,11.1667130736667,0,a4,1,-1
7402,11.1833800514444,0,a4,1,-1
7403,11.2000465514444,0,a4,1,-1
7404,11.2167131792222,0,a4,1,-1
7405,11.2333798125556,0,a4,1,-1
7406,11.250046582,0,a4,1,-1
7407,11.2667131347778,0,a4,1,-1
7408,11.2833800431111,0,a4,1,-1
7409,11.3000465431111,0,a4,1,-1
7410,11.316713282,0,a4,1,-1
7411,11.3333802903333,0,a4,1,-1
7412,11.3500467292222,0,a4,1,-1
7413,11.3667136736667,0,a4,1,-1
7414,11.3833802347778,0,a4,1,-1
7415,11.4000469708889,0,a4,1,-1
7416,11.4167134847778,0,a4,1,-1
7417,11.4333801458889,0,a4,1,-1
7418,11.4500469736667,0,a4,1,-1
7419,11.4667136097778,0,a4,1,-1
7420,11.483380232,0,a4,1,-1
7421,11.5000471264444,0,a4,1,-1
7422,11.5167137403333,0,a4,1,-1
7423,11.5333805292222,0,a4,1,-1
7424,11.5500470264444,0,a4,1,-1
7425,11.5667138875556,0,a4,1,-1
7426,11.583380507,0,a4,1,-1
7427,11.6000471292222,0,a4,1,-1
7428,11.6167136847778,0,a4,1,-1
7429,11.6333803792222,0,a4,1,-1
7430,11.6500472153333,0,a4,1,-1
7431,11.6667139403333,0,a4,1,-1
7432,11.6833804264444,0,a4,1,-1
7433,11.7000475403333,0,a4,1,-1
7434,11.716713957,0,a4,1,-1
7435,11.7333807014444,0,a4,1,-1
7436,11.7500472986667,0,a4,1,-1
7437,11.7667139792222,0,a4,1,-1
7438,11.7833808375556,0,a4,1,-1
7439,11.8000473042222,0,a4,1,-1
7440,11.8167140042222,0,a4,1,-1
7441,11.8333807931111,0,a4,1,-1
7442,11.8500476653333,0,a4,1,-1
7443,11.8667145486667,0,a4,1,-1
7444,11.8833811847778,0,a4,1,-1
7445,11.9000479431111,0,a4,1,-1
7446,11.9167149486667,0,a4,1,-1
7447,11.9333817931111,0,a4,1,-1
7448,11.950048607,0,a4,1,-1
7449,11.9667153097778,0,a4,1,-1
7450,11.9833819847778,0,a4,1,-1
7451,12.000048432,0,a4,1,-1
7452,12.0167152181111,0,a4,1,-1
7453,12.033381907,0,a4,1,-1
7454,12.0500485903333,0,a4,1,-1
7455,12.0667153875556,0,a4,1,-1
7456,12.0833822958889,0,a4,1,-1
7457,12.1000487653333,0,a4,1,-1
7458,12.1167158347778,0,a4,1,-1
7459,12.1333823792222,0,a4,1,-1
7460,12.150048957,0,a4,1,-1
7461,12.1667156931111,0,a4,1,-1
7462,12.1833825264444,0,a4,1,-1
7463,12.2000492403333,0,a4,1,-1
7464,12.2167158792222,0,a4,1,-1
7465,12.233382357,0,a4,1,-1
7466,12.2500490208889,0,a4,1,-1
7467,12.2667156431111,0,a4,1,-1
7468,12.2833824736667,0,a4,1,-1
7469,12.3000489764444,0,a4,1,-1
7470,12.3167156431111,0,a4,1,-1
7471,12.3333823181111,0,a4,1,-1
7472,12.3500490014444,0,a4,1,-1
7473,12.3667160042222,0,a4,1,-1
7474,12.383382657,0,a4,1,-1
7475,12.4000496403333,0,a4,1,-1
7476,12.416716282,0,a4,1,-1
7477,12.433382882,0,a4,1,-1
7478,12.4500495014444,0,a4,1,-1
7479,12.4667166875556,0,a4,1,-1
7480,12.4833832708889,0,a4,1,-1
7481,12.500049907,0,a4,1,-1
7482,12.5167165375556,0,a4,1,-1
7483,12.5333831542222,0,a4,1,-1
7484,12.5500498931111,0,a4,1,-1
7485,12.566716482,0,a4,1,-1
7486,12.5833831292222,0,a4,1,-1
7487,12.6000502431111,0,a4,1,-1
7488,12.6167172931111,0,a4,1,-1
7489,12.6333839764444,0,a4,1,-1
7490,12.6500503542222,0,a4,1,-1
7491,12.6667171736667,0,a4,1,-1
7492,12.6833838181111,0,a4,1,-1
7493,12.700050357,0,a4,1,-1
7494,12.7167172042222,0,a4,1,-1
7495,12.7333837653333,0,a4,1,-1
7496,12.7500505736667,0,a4,1,-1
7497,12.7667171514444,0,a4,1,-1
7498,12.7833836847778,0,a4,1,-1
7499,12.8000503681111,0,a4,1,-1
7500,12.8167172431111,0,a4,1,-1
7501,12.8333838597778,0,a4,1,-1
7502,12.8500506208889,0,a4,1,-1
7503,12.8667175292222,0,a4,1,-1
7504,12.8833839958889,0,a4,1,-1
7505,12.9000506403333,0,a4,1,-1
7506,12.9167178042222,0,a4,1,-1
7507,12.933384557,0,a4,1,-1
7508,12.9500512708889,0,a4,1,-1
7509,12.9667179236667,0,a4,1,-1
7510,12.9833848986667,0,a4,1,-1
7511,13.000051557,0,a4,1,-1
7512,13.016718257,0,a4,1,-1
7513,13.0333848292222,0,a4,1,-1
7514,13.0500516042222,0,a4,1,-1
7515,13.0667182681111,0,a4,1,-1
7516,13.0833849931111,0,a4,1,-1
7517,13.1000516681111,0,a4,1,-1
7518,13.1167184292222,0,a4,1,-1
7519,13.1333852125556,0,a4,1,-1
7520,13.1500519236667,0,a4,1,-1
7521,13.1667185986667,0,a4,1,-1
7522,13.1833852847778,0,a4,1,-1
7523,13.2000517903333,0,a4,1,-1
7524,13.2167186097778,0,a4,1,-1
7525,13.2333853375556,0,a4,1,-1
7526,13.2500519681111,0,a4,1,-1
7527,13.2667185847778,0,a4,1,-1
7528,13.2833851403333,0,a4,1,-1
7529,13.3000517764444,0,a4,1,-1
7530,13.3167186264444,0,a4,1,-1
7531,13.3333852986667,0,a4,1,-1
7532,13.3500519125556,0,a4,1,-1
7533,13.366718707,0,a4,1,-1
7534,13.3833852736667,0,a4,1,-1
7535,13.4000517875556,0,a4,1,-1
7536,13.4167184514444,0,a4,1,-1
7537,13.4333851097778,0,a4,1,-1
7538,13.4500518542222,0,a4,1,-1
7539,13.4667184903333,0,a4,1,-1
7540,13.4833852208889,0,a4,1,-1
7541,13.5000518097778,0,a4,1,-1
7542,13.5167189264444,0,a4,1,-1
7543,13.5333858236667,0,a4,1,-1
7544,13.5500523458889,0,a4,1,-1
7545,13.5667192708889,0,a4,1,-1
7546,13.5833857208889,0,a4,1,-1
7547,13.6000526042222,0,a4,1,-1
7548,13.6167192042222,0,a4,1,-1
7549,13.6333858486667,0,a4,1,-1
7550,13.6500523431111,0,a4,1,-1
7551,13.6667194181111,0,a4,1,-1
7552,13.683386357,0,a4,1,-1
7553,13.7000530653333,0,a4,1,-1
7554,13.7167195514444,0,a4,1,-1
7555,13.7333862347778,0,a4,1,-1
7556,13.7500533236667,0,a4,1,-1
7557,13.7667199431111,0,a4,1,-1
7558,13.7833864653333,0,a4,1,-1
7559,13.800053207,0,a4,1,-1
7560,13.8167200042222,0,a4,1,-1
7561,13.8333865236667,0,a4,1,-1
7562,13.8500532958889,0,a4,1,-1
7563,13.8667198208889,0,a4,1,-1
7564,13.8833868097778,0,a4,1,-1
7565,13.9000536431111,0,a4,1,-1
7566,13.9167204458889,0,a4,1,-1
7567,13.9333870542222,0,a4,1,-1
7568,13.9500540903333,0,a4,1,-1
7569,13.9667211125556,0,a4,1,-1
7570,13.9833878375556,0,a4,1,-1
7571,14.0000542542222,0,a4,1,-1
7572,14.0167211208889,0,a4,1,-1
7573,14.0333877347778,0,a4,1,-1
7574,14.0500544181111,0,a4,1,-1
7575,14.0667210986667,0,a4,1,-1
7576,14.0833878486667,0,a4,1,-1
7577,14.1000542653333,0,a4,1,-1
7578,14.1167210847778,0,a4,1,-1
7579,14.1333878014444,0,a4,1,-1
7580,14.1500543653333,0,a4,1,-1
7581,14.1667210125556,0,a4,1,-1
7582,14.1833875931111,0,a4,1,-1
7583,14.200054557,0,a4,1,-1
7584,14.2167212875556,0,a4,1,-1
7585,14.233388182,0,a4,1,-1
7586,14.2500548236667,0,a4,1,-1
7587,14.2667214597778,0,a4,1,-1
7588,14.2833886403333,0,a4,1,-1
7589,14.3000552625556,0,a4,1,-1
7590,14.316721782,0,a4,1,-1
7591,14.3333885875556,0,a4,1,-1
7592,14.3500553347778,0,a4,1,-1
7593,14.3667220458889,0,a4,1,-1
7594,14.3833888625556,0,a4,1,-1
7595,14.4000556236667,0,a4,1,-1
7596,14.416722132,0,a4,1,-1
7597,14.4333892014444,0,a4,1,-1
7598,14.4500556458889,0,a4,1,-1
7599,14.466722507,0,a4,1,-1
7600,14.4833891847778,0,a4,1,-1
7601,14.5000559764444,0,a4,1,-1
7602,14.516722807,0,a4,1,-1
7603,14.5333893986667,0,a4,1,-1
7604,14.5500563681111,0,a4,1,-1
7605,14.5667230292222,0,a4,1,-1
7606,14.5833895708889,0,a4,1,-1
7607,14.6000562347778,0,a4,1,-1
7608,14.6167228958889,0,a4,1,-1
7609,14.6333896736667,0,a4,1,-1
7610,14.6500562625556,0,a4,1,-1
7611,14.6667228847778,0,a4,1,-1
7612,14.6833895931111,0,a4,1,-1
7613,14.7000562264444,0,a4,1,-1
7614,14.7167230347778,0,a4,1,-1
7615,14.7333896375556,0,a4,1,-1
7616,14.7500562236667,0,a4,1,-1
7617,14.7667232597778,0,a4,1,-1
7618,14.7833898542222,0,a4,1,-1
7619,14.800056507,0,a4,1,-1
7620,14.8167233542222,0,a4,1,-1
7621,14.8333899681111,0,a4,1,-1
7622,14.8500566486667,0,a4,1,-1
7623,14.8667233625556,0,a4,1,-1
7624,14.8833898792222,0,a4,1,-1
7625,14.900056607,0,a4,1,-1
7626,14.9167232403333,0,a4,1,-1
7627,14.9333903708889,0,a4,1,-1
7628,14.9500569486667,0,a4,1,-1
7629,14.9667233958889,0,a4,1,-1
7630,14.9833901264444,0,a4,1,-1
7631,15.0000570014444,0,a4,1,-1
7632,15.0167241014444,0,a4,1,-1
7633,15.0333903653333,0,a4,1,-1
7634,15.050057107,0,a4,1,-1
7635,15.0667238792222,0,a4,1,-1
7636,15.0833905042222,0,a4,1,-1
7637,15.1000571597778,0,a4,1,-1
7638,15.1167237125556,0,a4,1,-1
7639,15.1333908986667,0,a4,1,-1
7640,15.1500574014444,0,a4,1,-1
7641,15.1667243292222,0,a4,1,-1
7642,15.1833911097778,0,a4,1,-1
7643,15.2000579181111,0,a4,1,-1
7644,15.2167245847778,0,a4,1,-1
7645,15.2333912542222,0,a4,1,-1
7646,15.2500582986667,0,a4,1,-1
7647,15.2667250125556,0,a4,1,-1
7648,15.2833919236667,0,a4,1,-1
7649,15.3000585236667,0,a4,1,-1
7650,15.3167251597778,0,a4,1,-1
7651,15.3333919236667,0,a4,1,-1
7652,15.350058507,0,a4,1,-1
7653,15.3667252625556,0,a4,1,-1
7654,15.3833919486667,0,a4,1,-1
7655,15.4000586042222,0,a4,1,-1
7656,15.4167252931111,0,a4,1,-1
7657,15.4333917514444,0,a4,1,-1
7658,15.450058682,0,a4,1,-1
7659,15.4667255347778,0,a4,1,-1
7660,15.4833921875556,0,a4,1,-1
7661,15.500058832,0,a4,1,-1
7662,15.5167255097778,0,a4,1,-1
7663,15.5333921708889,0,a4,1,-1
7664,15.5500588958889,0,a4,1,-1
7665,15.5667254125556,0,a4,1,-1
7666,15.5833920264444,0,a4,1,-1
7667,15.6000587597778,0,a4,1,-1
7668,15.6167253931111,0,a4,1,-1
7669,15.6333921792222,0,a4,1,-1
7670,15.6500588375556,0,a4,1,-1
7671,15.6667258014444,0,a4,1,-1
7672,15.6833925458889,0,a4,1,-1
7673,15.7000589625556,0,a4,1,-1
7674,15.7167258847778,0,a4,1,-1
7675,15.7333926014444,0,a4,1,-1
7676,15.7500593681111,0,a4,1,-1
7677,15.7667263625556,0,a4,1,-1
7678,15.7833930708889,0,a4,1,-1
7679,15.800059632,0,a4,1,-1
7680,15.8167264208889,0,a4,1,-1
7681,15.8333930903333,0,a4,1,-1
7682,15.8500597486667,0,a4,1,-1
7683,15.8667262931111,0,a4,1,-1
7684,15.8833928625556,0,a4,1,-1
7685,15.9000595847778,0,a4,1,-1
7686,15.9167263653333,0,a4,1,-1
7687,15.9333929708889,0,a4,1,-1
7688,15.9500599264444,0,a4,1,-1
7689,15.9667268736667,0,a4,1,-1
7690,15.9833935625556,0,a4,1,-1
7691,16.0000605931111,0,a4,1,-1
7692,16.0167271708889,0,a4,1,-1
7693,16.0333939014444,0,a4,1,-1
7694,16.0500603958889,0,a4,1,-1
7695,16.0667272208889,0,a4,1,-1
7696,16.0833939125556,0,a4,1,-1
7697,16.1000603597778,0,a4,1,-1
7698,16.1167271986667,0,a4,1,-1
7699,16.1333937097778,0,a4,1,-1
7700,16.1500607181111,0,a4,1,-1
7701,16.1667273375556,0,a4,1,-1
7702,16.183394257,0,a4,1,-1
7703,16.2000609625556,0,a4,1,-1
7704,16.2167277681111,0,a4,1,-1
7705,16.2333946597778,0,a4,1,-1
7706,16.2500611931111,0,a4,1,-1
7707,16.2667280431111,0,a4,1,-1
7708,16.2833947931111,0,a4,1,-1
7709,16.3000616792222,0,a4,1,-1
7710,16.3167284514444,0,a4,1,-1
7711,16.3333954292222,0,a4,1,-1
7712,16.350062232,0,a4,1,-1
7713,16.3667288986667,0,a4,1,-1
7714,16.3833958653333,0,a4,1,-1
7715,16.4000623903333,0,a4,1,-1
7716,16.4167294708889,0,a4,1,-1
7717,16.4333959903333,0,a4,1,-1
7718,16.4500627347778,0,a4,1,-1
7719,16.4667294236667,0,a4,1,-1
7720,16.4833964347778,0,a4,1,-1
7721,16.5000632486667,0,a4,1,-1
7722,16.5167301792222,0,a4,1,-1
7723,16.5333968347778,0,a4,1,-1
7724,16.5500634931111,0,a4,1,-1
7725,16.5667302236667,0,a4,1,-1
7726,16.5833967792222,0,a4,1,-1
7727,16.6000636014444,0,a4,1,-1
7728,16.6167301764444,0,a4,1,-1
7729,16.6333967403333,0,a4,1,-1
7730,16.6500635292222,0,a4,1,-1
7731,16.6667302792222,0,a4,1,-1
7732,16.683396857,0,a4,1,-1
7733,16.7000634153333,0,a4,1,-1
7734,16.7167305764444,0,a4,1,-1
7735,16.7333975681111,0,a4,1,-1
7736,16.750064357,0,a4,1,-1
7737,16.7667310514444,0,a4,1,-1
7738,16.7833975931111,0,a4,1,-1
7739,16.8000643958889,0,a4,1,-1
7740,16.8167309181111,0,a4,1,-1
7741,16.8333975542222,0,a4,1,-1
7742,16.8500644764444,0,a4,1,-1
7743,16.866731132,0,a4,1,-1
7744,16.883397707,0,a4,1,-1
7745,16.9000643708889,0,a4,1,-1
7746,16.9167309042222,0,a4,1,-1
7747,16.9333977681111,0,a4,1,-1
7748,16.9500647236667,0,a4,1,-1
7749,16.966731432,0,a4,1,-1
7750,16.9833982625556,0,a4,1,-1
7751,17.0000652236667,0,a4,1,-1
7752,17.0167322125556,0,a4,1,-1
7753,17.033398957,0,a4,1,-1
7754,17.0500657292222,0,a4,1,-1
7755,17.066732432,0,a4,1,-1
7756,17.0833991542222,0,a4,1,-1
7757,17.1000656986667,0,a4,1,-1
7758,17.1167323403333,0,a4,1,-1
7759,17.133399007,0,a4,1,-1
7760,17.1500658458889,0,a4,1,-1
7761,17.1667327486667,0,a4,1,-1
7762,17.1833995625556,0,a4,1,-1
7763,17.2000661875556,0,a4,1,-1
7764,17.2167329292222,0,a4,1,-1
7765,17.233399832,0,a4,1,-1
7766,17.2500666653333,0,a4,1,-1
7767,17.2667331597778,0,a4,1,-1
7768,17.2833997931111,0,a4,1,-1
7769,17.3000666764444,0,a4,1,-1
7770,17.3167332653333,0,a4,1,-1
7771,17.3333997903333,0,a4,1,-1
7772,17.350066957,0,a4,1,-1
7773,17.3667334542222,0,a4,1,-1
7774,17.3834003125556,0,a4,1,-1
7775,17.4000672903333,0,a4,1,-1
7776,17.4167340264444,0,a4,1,-1
7777,17.4334010375556,0,a4,1,-1
7778,17.4500679375556,0,a4,1,-1
7779,17.466734532,0,a4,1,-1
7780,17.483401382,0,a4,1,-1
7781,17.5000682458889,0,a4,1,-1
7782,17.5167350264444,0,a4,1,-1
7783,17.5334017042222,0,a4,1,-1
7784,17.5500681625556,0,a4,1,-1
7785,17.5667349986667,0,a4,1,-1
7786,17.5834017153333,0,a4,1,-1
7787,17.6000681542222,0,a4,1,-1
7788,17.6167347764444,0,a4,1,-1
7789,17.633401632,0,a4,1,-1
7790,17.6500682653333,0,a4,1,-1
7791,17.6667348264444,0,a4,1,-1
7792,17.6834014792222,0,a4,1,-1
7793,17.7000683097778,0,a4,1,-1
7794,17.7167348347778,0,a4,1,-1
7795,17.7334016681111,0,a4,1,-1
7796,17.7500683292222,0,a4,1,-1
7797,17.7667347986667,0,a4,1,-1
7798,17.7834015625556,0,a4,1,-1
7799,17.800068357,0,a4,1,-1
7800,17.8167348764444,0,a4,1,-1
7801,17.8334016792222,0,a4,1,-1
7802,17.8500683681111,0,a4,1,-1
7803,17.8667348736667,0,a4,1,-1
7804,17.8834015792222,0,a4,1,-1
7805,17.9000684736667,0,a4,1,-1
7806,17.9167349792222,0,a4,1,-1
7807,17.9334015653333,0,a4,1,-1
7808,17.9500685708889,0,a4,1,-1
7809,17.9667351014444,0,a4,1,-1
7810,17.9834017792222,0,a4,1,-1
7811,18.000068457,0,a4,1,-1
7812,18.0167352264444,0,a4,1,-1
7813,18.0334018903333,0,a4,1,-1
7814,18.0500685903333,0,a4,1,-1
7815,18.0667353375556,0,a4,1,-1
7816,18.0834018403333,0,a4,1,-1
7817,18.1000685736667,0,a4,1,-1
7818,18.116735307,0,a4,1,-1
7819,18.1334018764444,0,a4,1,-1
7820,18.1500684208889,0,a4,1,-1
7821,18.166735132,0,a4,1,-1
7822,18.1834022431111,0,a4,1,-1
7823,18.200068707,0,a4,1,-1
7824,18.2167356653333,0,a4,1,-1
7825,18.2334026486667,0,a4,1,-1
7826,18.2500692292222,0,a4,1,-1
7827,18.266736157,0,a4,1,-1
7828,18.2834031042222,0,a4,1,-1
7829,18.300069732,0,a4,1,-1
7830,18.3167364597778,0,a4,1,-1
7831,18.3334032347778,0,a4,1,-1
7832,18.3500698625556,0,a4,1,-1
7833,18.3667366458889,0,a4,1,-1
7834,18.3834033014444,0,a4,1,-1
7835,18.4000698542222,0,a4,1,-1
7836,18.4167370097778,0,a4,1,-1
7837,18.4334035681111,0,a4,1,-1
7838,18.4500706097778,0,a4,1,-1
7839,18.4667374597778,0,a4,1,-1
7840,18.4834043681111,0,a4,1,-1
7841,18.5000710264444,0,a4,1,-1
7842,18.5167378208889,0,a4,1,-1
7843,18.5334045764444,0,a4,1,-1
7844,18.5500714403333,0,a4,1,-1
7845,18.5667379347778,0,a4,1,-1
7846,18.5834046514444,0,a4,1,-1
7847,18.6000711958889,0,a4,1,-1
7848,18.6167380403333,0,a4,1,-1
7849,18.6334045125556,0,a4,1,-1
7850,18.6500713458889,0,a4,1,-1
7851,18.6667379986667,0,a4,1,-1
7852,18.6834047847778,0,a4,1,-1
7853,18.7000715903333,0,a4,1,-1
7854,18.7167380236667,0,a4,1,-1
7855,18.733404532,0,a4,1,-1
7856,18.750071457,0,a4,1,-1
7857,18.7667381097778,0,a4,1,-1
7858,18.7834049514444,0,a4,1,-1
7859,18.8000714542222,0,a4,1,-1
7860,18.8167381486667,0,a4,1,-1
7861,18.8334049764444,0,a4,1,-1
7862,18.8500716486667,0,a4,1,-1
7863,18.8667382764444,0,a4,1,-1
7864,18.8834050514444,0,a4,1,-1
7865,18.9000717431111,0,a4,1,-1
7866,18.9167386153333,0,a4,1,-1
7867,18.9334052042222,0,a4,1,-1
7868,18.9500718236667,0,a4,1,-1
7869,18.9667384431111,0,a4,1,-1
7870,18.9834052375556,0,a4,1,-1
7871,19.0000722181111,0,a4,1,-1
7872,19.0167387875556,0,a4,1,-1
7873,19.0334058792222,0,a4,0,-1
7874,19.0500724486667,0,a4,0,-1
7875,19.0667391292222,0,a4,0,-1
7876,19.0834058792222,0,a4,0,-1
7877,19.100072307,0,a4,1,-1
7878,19.1167392236667,0,a4,1,-1
7879,19.1334057542222,0,a4,1,-1
7880,19.1500724875556,0,a4,1,-1
7881,19.1667389764444,0,a4,1,-1
7882,19.183405782,0,a4,1,-1
7883,19.2000725431111,0,a4,1,-1
7884,19.2167391597778,0,a4,1,-1
7885,19.2334057958889,0,a4,1,-1
7886,19.2500724958889,0,a4,1,-1
7887,19.266739032,0,a4,1,-1
7888,19.2834056236667,0,a4,1,-1
7889,19.3000723264444,0,a4,1,-1
7890,19.3167389847778,0,a4,1,-1
7891,19.3334056403333,0,a4,1,-1
7892,19.3500724764444,0,a4,1,-1
7893,19.3667390875556,0,a4,1,-1
7894,19.3834058042222,0,a4,1,-1
7895,19.4000723903333,0,a4,1,-1
7896,19.4167390736667,0,a4,1,-1
7897,19.4334056292222,0,a4,1,-1
7898,19.4500723958889,0,a4,1,-1
7899,19.4667394986667,0,a4,1,-1
7900,19.4834061958889,0,a4,1,-1
7901,19.5000730764444,0,a4,1,-1
7902,19.5167398014444,0,a4,1,-1
7903,19.5334066514444,0,a4,1,-1
7904,19.5500732264444,0,a4,1,-1
7905,19.5667399986667,0,a4,1,-1
7906,19.5834065014444,0,a4,1,-1
7907,19.6000730875556,0,a4,1,-1
7908,19.6167397764444,0,a4,1,-1
7909,19.6334064625556,0,a4,1,-1
7910,19.6500733931111,0,a4,1,-1
7911,19.6667402903333,0,a4,1,-1
7912,19.6834071681111,0,a4,1,-1
7913,19.7000736958889,0,a4,1,-1
7914,19.7167404597778,0,a4,1,-1
7915,19.7334069986667,0,a4,1,-1
7916,19.7500741208889,0,a4,1,-1
7917,19.7667407958889,0,a4,1,-1
7918,19.7834075792222,0,a4,1,-1
7919,19.8000743875556,0,a4,1,-1
7920,19.8167411347778,0,a4,1,-1
7921,19.8334077514444,0,a4,1,-1
7922,19.8500744875556,0,a4,1,-1
7923,19.8667408986667,0,a4,1,-1
7924,19.8834078153333,0,a4,1,-1
7925,19.9000746847778,0,a4,1,-1
7926,19.9167412458889,0,a4,1,-1
7927,19.9334080486667,0,a4,1,-1
7928,19.950074982,0,a4,1,-1
7929,19.9667416625556,0,a4,1,-1
7930,19.9834086042222,0,a4,1,-1
7931,1.11667173847222,1,a4,1,1
7932,1.13333837819444,1,a4,1,1
7933,1.15000490597222,1,a4,1,1
7934,1.16667168402778,1,a4,1,1
7935,1.18333845097222,1,a4,1,1
7936,1.20000537958333,1,a4,1,1
7937,1.21667232486111,1,a4,1,1
7938,1.23333897291667,1,a4,1,1
7939,1.25000559041667,1,a4,1,1
7940,1.26667219125,1,a4,1,1
7941,1.28333901013889,1,a4,1,1
7942,1.30000577319444,1,a4,1,1
7943,1.31667246541667,1,a4,1,1
7944,1.33333927152778,1,a4,1,1
7945,1.35000582125,1,a4,1,1
7946,1.36667244013889,1,a4,1,1
7947,1.38333929125,1,a4,1,1
7948,1.40000586347222,1,a4,1,1
7949,1.41667257430556,1,a4,1,1
7950,1.43333944986111,1,a4,1,1
7951,1.45000657236111,1,a4,1,1
7952,1.46667322958333,1,a4,1,1
7953,1.48333962013889,1,a4,1,1
7954,1.50000663291667,1,a4,1,1
7955,1.51667323541667,1,a4,1,1
7956,1.53334011791667,1,a4,1,1
7957,1.55000665347222,1,a4,1,1
7958,1.56667344736111,1,a4,1,1
7959,1.58334019236111,1,a4,1,1
7960,1.60000695541667,1,a4,1,1
7961,1.61667382458333,1,a4,1,1
7962,1.63334055541667,1,a4,1,1
7963,1.65000734652778,1,a4,1,1
7964,1.66667388680556,1,a4,1,1
7965,1.68334045513889,1,a4,1,1
7966,1.70000720319444,1,a4,1,1
7967,1.71667431625,1,a4,1,1
7968,1.73334095875,1,a4,1,1
7969,1.75000741125,1,a4,1,1
7970,1.76667411680556,1,a4,1,1
7971,1.78334074569444,1,a4,1,1
7972,1.80000756763889,1,a4,1,1
7973,1.81667459513889,1,a4,1,1
7974,1.83334124597222,1,a4,1,1
7975,1.85000777569444,1,a4,1,1
7976,1.86667445375,1,a4,1,1
7977,1.88334116513889,1,a4,1,1
7978,1.90000781625,1,a4,1,1
7979,1.91667441291667,1,a4,1,1
7980,1.93334156569444,1,a4,1,1
7981,1.95000825430556,1,a4,1,1
7982,1.96667467041667,1,a4,1,1
7983,1.98334154430556,1,a4,1,1
7984,2.00000812208333,1,a4,1,1
7985,2.01667484652778,1,a4,1,1
7986,2.03334149263889,1,a4,1,1
7987,2.05000818986111,1,a4,1,1
7988,2.06667484402778,1,a4,1,1
7989,2.08334178791667,1,a4,1,1
7990,2.10000850847222,1,a4,1,1
7991,2.11667546513889,1,a4,1,1
7992,2.13334222347222,1,a4,1,1
7993,2.15000890930556,1,a4,1,1
7994,2.16667557680556,1,a4,1,1
7995,2.18334220208333,1,a4,1,1
7996,2.20000910625,1,a4,1,1
7997,2.21667600819444,1,a4,1,1
7998,2.23334260347222,1,a4,1,1
7999,2.25000928513889,1,a4,1,1
8000,2.26667577041667,1,a4,1,1
8001,2.28334245763889,1,a4,1,1
8002,2.30000905930556,1,a4,1,1
8003,2.31667589319444,1,a4,1,1
8004,2.33334266430556,1,a4,1,1
8005,2.35000931069444,1,a4,1,1
8006,2.36667581319444,1,a4,1,1
8007,2.38334258402778,1,a4,1,1
8008,2.40000910569444,1,a4,1,1
8009,2.41667620763889,1,a4,1,1
8010,2.43334279875,1,a4,1,1
8011,2.45000937125,1,a4,1,1
8012,2.46667649680556,1,a4,1,1
8013,2.48334326819444,1,a4,1,1
8014,2.50001006013889,1,a4,1,1
8015,2.51667665902778,1,a4,1,1
8016,2.53334346180556,1,a4,1,1
8017,2.55001003236111,1,a4,1,1
8018,2.56667674652778,1,a4,1,1
8019,2.58334354513889,1,a4,1,1
8020,2.60001014819444,1,a4,1,1
8021,2.61667676763889,1,a4,1,1
8022,2.63334332041667,1,a4,1,1
8023,2.65001036208333,1,a4,1,1
8024,2.66667708430556,1,a4,1,1
8025,2.68334383430556,1,a4,1,1
8026,2.70001023708333,1,a4,1,1
8027,2.71667705930556,1,a4,1,1
8028,2.73334382319444,1,a4,1,1
8029,2.75001024263889,1,a4,1,1
8030,2.76667694263889,1,a4,1,1
8031,2.78334372597222,1,a4,1,1
8032,2.80001027319444,1,a4,1,1
8033,2.81667693986111,1,a4,1,1
8034,2.83334362875,1,a4,1,1
8035,2.85001021763889,1,a4,1,1
8036,2.86667698430556,1,a4,1,1
8037,2.88334370097222,1,a4,1,1
8038,2.90001033986111,1,a4,1,1
8039,2.91667702319444,1,a4,1,1
8040,2.93334392875,1,a4,1,1
8041,2.95001055097222,1,a4,1,1
8042,2.96667731208333,1,a4,1,1
8043,2.98334387041667,1,a4,1,1
8044,3.00001058708333,1,a4,1,1
8045,3.01667718152778,1,a4,1,1
8046,3.03334394263889,1,a4,1,1
8047,3.05001063430556,1,a4,1,1
8048,3.06667740930556,1,a4,1,1
8049,3.08334393430556,1,a4,1,1
8050,3.10001065930556,1,a4,1,1
8051,3.11667729819444,1,a4,1,1
8052,3.13334381763889,1,a4,1,1
8053,3.15001046763889,1,a4,1,1
8054,3.16667717319444,1,a4,1,1
8055,3.18334404263889,1,a4,1,1
8056,3.20001066763889,1,a4,1,1
8057,3.21667752597222,1,a4,1,1
8058,3.23334413708333,1,a4,1,1
8059,3.25001075375,1,a4,1,1
8060,3.26667741763889,1,a4,1,1
8061,3.28334432597222,1,a4,1,1
8062,3.30001097319444,1,a4,1,1
8063,3.31667745375,1,a4,1,1
8064,3.33334417597222,1,a4,1,1
8065,3.35001086486111,1,a4,1,1
8066,3.36667760930556,1,a4,1,1
8067,3.38334453708333,1,a4,1,1
8068,3.40001107597222,1,a4,1,1
8069,3.41667805652778,1,a4,1,1
8070,3.43334461486111,1,a4,1,1
8071,3.45001143708333,1,a4,1,1
8072,3.46667809541667,1,a4,1,1
8073,3.48334478152778,1,a4,1,1
8074,3.50001134541667,1,a4,1,1
8075,3.51667810097222,1,a4,1,1
8076,3.53334468708333,1,a4,1,1
8077,3.55001148986111,1,a4,1,1
8078,3.56667816763889,1,a4,1,1
8079,3.58334474263889,1,a4,1,1
8080,3.60001151208333,1,a4,1,1
8081,3.61667819819444,1,a4,1,1
8082,3.63334483708333,1,a4,1,1
8083,3.65001132041667,1,a4,1,1
8084,3.66667815097222,1,a4,1,1
8085,3.68334515930556,1,a4,1,1
8086,3.70001202597222,1,a4,1,1
8087,3.71667864263889,1,a4,1,1
8088,3.73334541763889,1,a4,1,1
8089,3.75001183708333,1,a4,1,1
8090,3.76667853152778,1,a4,1,1
8091,3.78334542597222,1,a4,1,1
8092,3.80001208152778,1,a4,1,1
8093,3.81667862319444,1,a4,1,1
8094,3.83334548708333,1,a4,1,1
8095,3.85001264263889,1,a4,1,1
8096,3.86667923986111,1,a4,1,1
8097,3.88334579541667,1,a4,1,1
8098,3.90001258430556,1,a4,1,1
8099,3.91667924819444,1,a4,1,1
8100,3.93334583708333,1,a4,1,1
8101,3.95001264263889,1,a4,1,1
8102,3.96667929819444,1,a4,1,1
8103,3.98334601208333,1,a4,1,1
8104,4.00001271763889,1,a4,1,1
8105,4.01667937597222,1,a4,1,1
8106,4.03334604541667,1,a4,1,1
8107,4.05001283430556,1,a4,1,1
8108,4.06667939541667,1,a4,1,1
8109,4.08334625930556,1,a4,1,1
8110,4.10001294819444,1,a4,1,1
8111,4.11667943986111,1,a4,1,1
8112,4.13334643708333,1,a4,1,1
8113,4.15001329263889,1,a4,1,1
8114,4.16667995930556,1,a4,1,1
8115,4.18334697319444,1,a4,1,1
8116,4.20001390930556,1,a4,1,1
8117,4.21668061763889,1,a4,1,1
8118,4.23334729263889,1,a4,1,1
8119,4.25001397319444,1,a4,1,1
8120,4.26668065930556,1,a4,1,1
8121,4.28334722875,1,a4,1,1
8122,4.30001398152778,1,a4,1,1
8123,4.31668075375,1,a4,1,1
8124,4.33334712875,1,a4,1,1
8125,4.35001379819444,1,a4,1,1
8126,4.36668071486111,1,a4,1,1
8127,4.38334742875,1,a4,1,1
8128,4.40001409819445,1,a4,1,1
8129,4.41668080652778,1,a4,1,1
8130,4.43334758708333,1,a4,1,1
8131,4.45001422875,1,a4,1,1
8132,4.46668093986111,1,a4,1,1
8133,4.48334760652778,1,a4,1,1
8134,4.50001412597222,1,a4,1,1
8135,4.51668076208333,1,a4,1,1
8136,4.53334740097222,1,a4,1,1
8137,4.55001419263889,1,a4,1,1
8138,4.56668090930556,1,a4,1,1
8139,4.58334764263889,1,a4,1,1
8140,4.60001448152778,1,a4,1,1
8141,4.61668108430556,1,a4,1,1
8142,4.63334784263889,1,a4,1,1
8143,4.65001446763889,1,a4,1,1
8144,4.66668125097222,1,a4,1,1
8145,4.68334807597222,1,a4,1,1
8146,4.70001468986111,1,a4,1,1
8147,4.71668149819444,1,a4,1,1
8148,4.73334826486111,1,a4,1,1
8149,4.75001489819445,1,a4,1,1
8150,4.76668158708333,1,a4,1,1
8151,4.78334836486111,1,a4,1,1
8152,4.80001515930556,1,a4,1,1
8153,4.81668200930556,1,a4,1,1
8154,4.83334892319444,1,a4,1,1
8155,4.85001585375,1,a4,1,1
8156,4.86668267875,1,a4,1,1
8157,4.88334931763889,1,a4,1,1
8158,4.90001623708333,1,a4,1,1
8159,4.91668276486111,1,a4,1,1
8160,4.93334944541667,1,a4,1,1
8161,4.95001618430556,1,a4,1,1
8162,4.96668295652778,1,a4,1,1
8163,4.98334983986111,1,a4,1,1
8164,5.00001632597222,1,a4,1,1
8165,5.01668351486111,1,a4,1,1
8166,5.03335014541667,1,a4,1,1
8167,5.05001656208333,1,a4,1,1
8168,5.06668331763889,1,a4,1,1
8169,5.08335005375,1,a4,1,1
8170,5.10001667319444,1,a4,1,1
8171,5.11668342319444,1,a4,1,1
8172,5.13335042875,1,a4,1,1
8173,5.15001689263889,1,a4,1,1
8174,5.16668380375,1,a4,1,1
8175,5.18335043986111,1,a4,1,1
8176,5.20001697319444,1,a4,1,1
8177,5.21668388152778,1,a4,1,1
8178,5.23335061486111,1,a4,1,1
8179,5.25001738152778,1,a4,1,1
8180,5.26668395097222,1,a4,1,1
8181,5.28335061763889,1,a4,1,1
8182,5.30001717041667,1,a4,1,1
8183,5.31668407319444,1,a4,1,1
8184,5.33335078152778,1,a4,1,1
8185,5.35001733986111,1,a4,1,1
8186,5.36668404819445,1,a4,1,1
8187,5.38335080652778,1,a4,1,1
8188,5.40001795652778,1,a4,1,1
8189,5.41668443708333,1,a4,1,1
8190,5.43335107041667,1,a4,1,1
8191,5.45001802597222,1,a4,1,1
8192,5.46668486763889,1,a4,1,1
8193,5.48335170930556,1,a4,1,1
8194,5.50001846208333,1,a4,1,1
8195,5.51668517319444,1,a4,1,1
8196,5.53335200930556,1,a4,1,1
8197,5.55001870097222,1,a4,1,1
8198,5.56668527041667,1,a4,1,1
8199,5.58335205930556,1,a4,1,1
8200,5.60001865930556,1,a4,1,1
8201,5.61668537597222,1,a4,1,1
8202,5.63335211763889,1,a4,1,1
8203,5.65001881208333,1,a4,1,1
8204,5.66668587875,1,a4,1,1
8205,5.68335244819444,1,a4,1,1
8206,5.70001927319444,1,a4,1,1
8207,5.71668622319444,1,a4,1,1
8208,5.73335315652778,1,a4,1,1
8209,5.75001970930556,1,a4,1,1
8210,5.76668629819444,1,a4,1,1
8211,5.78335332319444,1,a4,1,1
8212,5.80002008708333,1,a4,1,1
8213,5.81668676486111,1,a4,1,1
8214,5.83335332041667,1,a4,1,1
8215,5.85002008708333,1,a4,1,1
8216,5.86668710652778,1,a4,1,1
8217,5.88335377875,1,a4,1,1
8218,5.90002065375,1,a4,1,1
8219,5.91668726763889,1,a4,1,1
8220,5.93335422597222,1,a4,1,1
8221,5.95002078152778,1,a4,1,1
8222,5.96668758152778,1,a4,1,1
8223,5.98335430097222,1,a4,1,1
8224,6.00002085652778,1,a4,1,1
8225,6.01668764263889,1,a4,1,1
8226,6.03335431763889,1,a4,1,1
8227,6.05002076763889,1,a4,1,1
8228,6.06668740652778,1,a4,1,1
8229,6.08335423152778,1,a4,1,1
8230,6.10002083708333,1,a4,1,1
8231,6.11668777041667,1,a4,1,1
8232,6.13335433986111,1,a4,1,1
8233,6.15002113708333,1,a4,1,1
8234,6.16668787875,1,a4,1,1
8235,6.18335455930556,1,a4,1,1
8236,6.20002125930556,1,a4,1,1
8237,6.21668789541667,1,a4,1,1
8238,6.23335469263889,1,a4,1,1
8239,6.25002150375,1,a4,1,1
8240,6.26668803986111,1,a4,1,1
8241,6.28335464819444,1,a4,1,1
8242,6.30002137875,1,a4,1,1
8243,6.31668795375,1,a4,1,1
8244,6.33335468708333,1,a4,1,1
8245,6.35002128986111,1,a4,1,1
8246,6.36668817875,1,a4,1,1
8247,6.38335484819444,1,a4,1,1
8248,6.40002131486111,1,a4,1,1
8249,6.41668803430556,1,a4,1,1
8250,6.43335463986111,1,a4,1,1
8251,6.45002131486111,1,a4,1,1
8252,6.46668827597222,1,a4,1,1
8253,6.48335493708333,1,a4,1,1
8254,6.50002182597222,1,a4,1,1
8255,6.51668834819444,1,a4,1,1
8256,6.53335529541667,1,a4,1,1
8257,6.55002196208333,1,a4,1,1
8258,6.56668879819444,1,a4,1,1
8259,6.58335539819444,1,a4,1,1
8260,6.60002191486111,1,a4,1,1
8261,6.61668878708333,1,a4,1,1
8262,6.63335548152778,1,a4,1,1
8263,6.65002190930556,1,a4,1,1
8264,6.66668877041667,1,a4,1,1
8265,6.68335527875,1,a4,1,1
8266,6.70002191763889,1,a4,1,1
8267,6.71668886763889,1,a4,1,1
8268,6.73335565097222,1,a4,1,1
8269,6.75002220097222,1,a4,1,1
8270,6.76668926208333,1,a4,1,1
8271,6.78335578152778,1,a4,1,1
8272,6.80002273986111,1,a4,1,1
8273,6.81668952875,1,a4,1,1
8274,6.83335618430556,1,a4,1,1
8275,6.85002322041667,1,a4,1,1
8276,6.86668981208333,1,a4,1,1
8277,6.88335651763889,1,a4,1,1
8278,6.90002297597222,1,a4,1,1
8279,6.91668982875,1,a4,1,1
8280,6.93335655097222,1,a4,1,1
8281,6.95002324541667,1,a4,1,1
8282,6.96669003430556,1,a4,1,1
8283,6.98335674263889,1,a4,1,1
8284,7.00002348986111,1,a4,1,1
8285,7.01669017319445,1,a4,1,1
8286,7.03335662319444,1,a4,1,1
8287,7.05002371763889,1,a4,1,1
8288,7.06669021763889,1,a4,1,1
8289,7.08335690375,1,a4,1,1
8290,7.10002350652778,1,a4,1,1
8291,7.11669026486111,1,a4,1,1
8292,7.13335717875,1,a4,1,1
8293,7.15002391208333,1,a4,1,1
8294,7.16669067041667,1,a4,1,1
8295,7.18335731763889,1,a4,1,1
8296,7.20002377875,1,a4,1,1
8297,7.21669058708333,1,a4,1,1
8298,7.23335716208333,1,a4,1,1
8299,7.25002388708333,1,a4,1,1
8300,7.26669051486111,1,a4,1,1
8301,7.28335712597222,1,a4,1,1
8302,7.30002400097222,1,a4,1,1
8303,7.31669047597222,1,a4,1,1
8304,7.33335718430556,1,a4,1,1
8305,7.35002381486111,1,a4,1,1
8306,7.36669065097222,1,a4,1,1
8307,7.38335733430556,1,a4,1,1
8308,7.40002385097222,1,a4,1,1
8309,7.41669057875,1,a4,1,1
8310,7.43335754819444,1,a4,1,1
8311,7.45002463430556,1,a4,1,1
8312,7.46669107875,1,a4,1,1
8313,7.48335790097222,1,a4,1,1
8314,7.50002446208333,1,a4,1,1
8315,7.51669116486111,1,a4,1,1
8316,7.53335813152778,1,a4,1,1
8317,7.55002490375,1,a4,1,1
8318,7.56669127041667,1,a4,1,1
8319,7.58335803430556,1,a4,1,1
8320,7.60002472319444,1,a4,1,1
8321,7.61669128430556,1,a4,1,1
8322,7.63335795930556,1,a4,1,1
8323,7.65002485652778,1,a4,1,1
8324,7.66669147319444,1,a4,1,1
8325,7.68335815375,1,a4,1,1
8326,7.70002495652778,1,a4,1,1
8327,7.71669195375,1,a4,1,1
8328,7.73335887319444,1,a4,1,1
8329,7.75002556486111,1,a4,1,1
8330,7.76669223708333,1,a4,1,1
8331,7.78335880652778,1,a4,1,1
8332,7.80002563708333,1,a4,1,1
8333,7.81669236486111,1,a4,1,1
8334,7.83335899541667,1,a4,1,1
8335,7.85002549263889,1,a4,1,1
8336,7.86669217319444,1,a4,1,1
8337,7.88335897041667,1,a4,1,1
8338,7.90002565375,1,a4,1,1
8339,7.91669227041667,1,a4,1,1
8340,7.93335924263889,1,a4,1,1
8341,7.95002596763889,1,a4,1,1
8342,7.96669268152778,1,a4,1,1
8343,7.98335938152778,1,a4,1,1
8344,8.00002621763889,1,a4,1,1
8345,8.01669319263889,1,a4,1,1
8346,8.03335972875,1,a4,1,1
8347,8.05002653986111,1,a4,1,1
8348,8.06669307597222,1,a4,1,1
8349,8.08335976208333,1,a4,1,1
8350,8.10002647875,1,a4,1,1
8351,8.11669306208333,1,a4,1,1
8352,8.13335971486111,1,a4,1,1
8353,8.15002647041667,1,a4,1,1
8354,8.16669302041667,1,a4,1,1
8355,8.18335983152778,1,a4,1,1
8356,8.20002645097222,1,a4,1,1
8357,8.21669318152778,1,a4,1,1
8358,8.23335982875,1,a4,1,1
8359,8.25002685652778,1,a4,1,1
8360,8.26669374541667,1,a4,1,1
8361,8.28336031208333,1,a4,1,1
8362,8.30002713152778,1,a4,1,1
8363,8.31669353430556,1,a4,1,1
8364,8.33336025930556,1,a4,1,1
8365,8.35002702597222,1,a4,1,1
8366,8.36669355652778,1,a4,1,1
8367,8.38336040652778,1,a4,1,1
8368,8.40002706486111,1,a4,1,1
8369,8.41669377597222,1,a4,1,1
8370,8.43336035652778,1,a4,1,1
8371,8.45002701208333,1,a4,1,1
8372,8.46669376486111,1,a4,1,1
8373,8.48336023430556,1,a4,1,1
8374,8.50002698986111,1,a4,1,1
8375,8.51669379819444,1,a4,1,1
8376,8.53336035097222,1,a4,1,1
8377,8.55002698986111,1,a4,1,1
8378,8.56669376763889,1,a4,1,1
8379,8.58336025930556,1,a4,1,1
8380,8.60002689263889,1,a4,1,1
8381,8.61669390652778,1,a4,1,1
8382,8.63336089263889,1,a4,1,1
8383,8.65002751208333,1,a4,1,1
8384,8.66669428986111,1,a4,1,1
8385,8.68336092319444,1,a4,1,1
8386,8.70002740097222,1,a4,1,1
8387,8.71669418708333,1,a4,1,1
8388,8.73336100375,1,a4,1,1
8389,8.75002768430556,1,a4,1,1
8390,8.76669417875,1,a4,1,1
8391,8.78336089819445,1,a4,1,1
8392,8.80002767319444,1,a4,1,1
8393,8.81669425097222,1,a4,1,1
8394,8.83336089541667,1,a4,1,1
8395,8.85002765930556,1,a4,1,1
8396,8.86669417319444,1,a4,1,1
8397,8.88336083708333,1,a4,1,1
8398,8.90002761208333,1,a4,1,1
8399,8.91669417597222,1,a4,1,1
8400,8.93336094263889,1,a4,1,1
8401,8.95002781208333,1,a4,1,1
8402,8.96669490375,1,a4,1,1
8403,8.98336150375,1,a4,1,1
8404,9.00002799263889,1,a4,1,1
8405,9.01669472041667,1,a4,1,1
8406,9.03336146763889,1,a4,1,1
8407,9.05002820652778,1,a4,1,1
8408,9.06669465097222,1,a4,1,1
8409,9.08336153430556,1,a4,1,1
8410,9.10002795930555,1,a4,1,1
8411,9.11669491208333,1,a4,1,1
8412,9.13336145097222,1,a4,1,1
8413,9.15002808152778,1,a4,1,1
8414,9.16669484263889,1,a4,1,1
8415,9.18336142597222,1,a4,1,1
8416,9.20002824541667,1,a4,1,1
8417,9.21669505930555,1,a4,1,1
8418,9.23336182319444,1,a4,1,1
8419,9.25002824541667,1,a4,1,1
8420,9.26669531763889,1,a4,1,1
8421,9.28336207875,1,a4,1,1
8422,9.30002882875,1,a4,1,1
8423,9.31669556763889,1,a4,1,1
8424,9.33336213986111,1,a4,1,1
8425,9.35002923708333,1,a4,1,1
8426,9.36669590097222,1,a4,1,1
8427,9.38336273708333,1,a4,1,1
8428,9.40002947319444,1,a4,1,1
8429,9.41669625930555,1,a4,1,1
8430,9.43336287875,1,a4,1,1
8431,9.45002960652778,1,a4,1,1
8432,9.46669606763889,1,a4,1,1
8433,9.48336287319444,1,a4,1,1
8434,9.50002950930556,1,a4,1,1
8435,9.51669645097222,1,a4,1,1
8436,9.53336295930556,1,a4,1,1
8437,9.55002968708333,1,a4,1,1
8438,9.56669633986111,1,a4,1,1
8439,9.58336332319444,1,a4,1,1
8440,9.60003001486111,1,a4,1,1
8441,9.61669677875,1,a4,1,1
8442,9.63336334541667,1,a4,1,1
8443,9.65003011763889,1,a4,1,1
8444,9.66669669819444,1,a4,1,1
8445,9.68336335097222,1,a4,1,1
8446,9.70003008708333,1,a4,1,1
8447,9.71669678152778,1,a4,1,1
8448,9.73336351208333,1,a4,1,1
8449,9.75003006486111,1,a4,1,1
8450,9.76669678708333,1,a4,1,1
8451,9.78336377597222,1,a4,1,1
8452,9.80003061763889,1,a4,1,1
8453,9.81669743708333,1,a4,1,1
8454,9.83336416208333,1,a4,1,1
8455,9.85003081208333,1,a4,1,1
8456,9.86669763986111,1,a4,1,1
8457,9.88336408986111,1,a4,1,1
8458,9.90003095930556,1,a4,1,1
8459,9.91669766208333,1,a4,1,1
8460,9.93336425097222,1,a4,1,1
8461,9.95003083430555,1,a4,1,1
8462,9.96669758708333,1,a4,1,1
8463,9.98336418430556,1,a4,1,1
8464,10.0000309815278,1,a4,1,1
8465,10.0166975759722,1,a4,1,1
8466,10.03336420375,1,a4,1,1
8467,10.0500308565278,1,a4,1,1
8468,10.0666978065278,1,a4,1,1
8469,10.0833648620833,1,a4,1,1
8470,10.1000314370833,1,a4,1,1
8471,10.1166981009722,1,a4,1,1
8472,10.1333650509722,1,a4,1,1
8473,10.15003180375,1,a4,1,1
8474,10.1666983454167,1,a4,1,1
8475,10.1833651148611,1,a4,1,1
8476,10.2000321898611,1,a4,1,1
8477,10.2166987204167,1,a4,1,1
8478,10.2333656481944,1,a4,1,1
8479,10.2500325343056,1,a4,1,1
8480,10.2666992509722,1,a4,1,1
8481,10.2833662176389,1,a4,1,1
8482,10.3000332370833,1,a4,1,1
8483,10.3166996926389,1,a4,1,1
8484,10.3333664426389,1,a4,1,1
8485,10.3500331176389,1,a4,1,1
8486,10.3666997926389,1,a4,1,1
8487,10.3833665204167,1,a4,1,1
8488,10.4000331731944,1,a4,1,1
8489,10.41669977875,1,a4,1,1
8490,10.4333664843056,1,a4,1,1
8491,10.4500330704167,1,a4,1,1
8492,10.4666998954167,1,a4,1,1
8493,10.4833665759722,1,a4,1,1
8494,10.50003357875,1,a4,1,1
8495,10.5167002704167,1,a4,1,1
8496,10.5333671204167,1,a4,1,1
8497,10.5500337565278,1,a4,1,1
8498,10.5667004620833,1,a4,1,1
8499,10.5833670120833,1,a4,1,1
8500,10.6000336926389,1,a4,1,1
8501,10.6167002593056,1,a4,1,1
8502,10.6333668870833,1,a4,1,1
8503,10.6500336065278,1,a4,1,1
8504,10.6667003843056,1,a4,1,1
8505,10.6833670898611,1,a4,1,1
8506,10.7000337815278,1,a4,1,1
8507,10.7167006926389,1,a4,1,1
8508,10.7333672759722,1,a4,1,1
8509,10.7500340676389,1,a4,1,1
8510,10.7667007315278,1,a4,1,1
8511,10.7833673065278,1,a4,1,1
8512,10.8000340704167,1,a4,1,1
8513,10.8167008981944,1,a4,1,1
8514,10.8333678231944,1,a4,1,1
8515,10.8500344870833,1,a4,1,1
8516,10.8667011843056,1,a4,1,1
8517,10.8833678259722,1,a4,1,1
8518,10.9000345315278,1,a4,1,1
8519,10.9167011593056,1,a4,1,1
8520,10.9333678454167,1,a4,1,1
8521,10.9500345509722,1,a4,1,1
8522,10.9667014343056,1,a4,1,1
8523,10.9833680231944,1,a4,1,1
8524,11.00003485375,1,a4,1,1
8525,11.0167018509722,1,a4,1,1
8526,11.0333685676389,1,a4,1,1
8527,11.0500353648611,1,a4,1,1
8528,11.0667021204167,1,a4,1,1
8529,11.0833687759722,1,a4,1,1
8530,11.1000357120833,1,a4,1,1
8531,11.1167022370833,1,a4,1,1
8532,11.1333689148611,1,a4,1,1
8533,11.1500355315278,1,a4,1,1
8534,11.1667021759722,1,a4,1,1
8535,11.1833690343056,1,a4,1,1
8536,11.2000357231944,1,a4,1,1
8537,11.2167022176389,1,a4,1,1
8538,11.2333689481944,1,a4,1,1
8539,11.2500356093056,1,a4,1,1
8540,11.2667023398611,1,a4,1,1
8541,11.2833690120833,1,a4,1,1
8542,11.3000356648611,1,a4,1,1
8543,11.3167023870833,1,a4,1,1
8544,11.3333691481944,1,a4,1,1
8545,11.3500362231944,1,a4,1,1
8546,11.3667027065278,1,a4,1,1
8547,11.3833693704167,1,a4,1,1
8548,11.4000362204167,1,a4,1,1
8549,11.4167026759722,1,a4,1,1
8550,11.4333694704167,1,a4,1,1
8551,11.4500360620833,1,a4,1,1
8552,11.46670275375,1,a4,1,1
8553,11.4833695204167,1,a4,1,1
8554,11.5000362676389,1,a4,1,1
8555,11.51670292875,1,a4,1,1
8556,11.5333697315278,1,a4,1,1
8557,11.5500363898611,1,a4,1,1
8558,11.5667032176389,1,a4,1,1
8559,11.5833697398611,1,a4,1,1
8560,11.6000366231944,1,a4,1,1
8561,11.6167033898611,1,a4,1,1
8562,11.6333701926389,1,a4,1,1
8563,11.6500370704167,1,a4,1,1
8564,11.6667035926389,1,a4,1,1
8565,11.6833702509722,1,a4,1,1
8566,11.7000370065278,1,a4,1,1
8567,11.71670367875,1,a4,1,1
8568,11.7333703259722,1,a4,1,1
8569,11.7500369843056,1,a4,1,1
8570,11.7667037176389,1,a4,1,1
8571,11.7833703648611,1,a4,1,1
8572,11.80003727875,1,a4,1,1
8573,11.8167041870833,1,a4,1,1
8574,11.8333708231944,1,a4,1,1
8575,11.8500377981944,1,a4,1,1
8576,11.8667044231944,1,a4,1,1
8577,11.8833711648611,1,a4,1,1
8578,11.9000378009722,1,a4,1,1
8579,11.9167044093056,1,a4,1,1
8580,11.9333711398611,1,a4,1,1
8581,11.9500377093056,1,a4,1,1
8582,11.96670447875,1,a4,1,1
8583,11.9833712454167,1,a4,1,1
8584,12.0000378759722,1,a4,1,1
8585,12.0167046204167,1,a4,1,1
8586,12.0333713315278,1,a4,1,1
8587,12.0500382843056,1,a4,1,1
8588,12.0667048731944,1,a4,1,1
8589,12.0833715315278,1,a4,1,1
8590,12.1000382343056,1,a4,1,1
8591,12.1167046481944,1,a4,1,1
8592,12.1333714204167,1,a4,1,1
8593,12.1500381231944,1,a4,1,1
8594,12.16670485375,1,a4,1,1
8595,12.1833714065278,1,a4,1,1
8596,12.2000380009722,1,a4,1,1
8597,12.2167048398611,1,a4,1,1
8598,12.2333713898611,1,a4,1,1
8599,12.2500380815278,1,a4,1,1
8600,12.2667048509722,1,a4,1,1
8601,12.2833714759722,1,a4,1,1
8602,12.3000383593056,1,a4,1,1
8603,12.3167051454167,1,a4,1,1
8604,12.3333717370833,1,a4,1,1
8605,12.3500384509722,1,a4,1,1
8606,12.3667052176389,1,a4,1,1
8607,12.3833723565278,1,a4,1,1
8608,12.4000390315278,1,a4,1,1
8609,12.41670565375,1,a4,1,1
8610,12.4333721176389,1,a4,1,1
8611,12.4500392315278,1,a4,1,1
8612,12.4667058481944,1,a4,1,1
8613,12.4833726509722,1,a4,1,1
8614,12.50003927875,1,a4,1,1
8615,12.5167059231944,1,a4,1,1
8616,12.5333726509722,1,a4,1,1
8617,12.5500393704167,1,a4,1,1
8618,12.56670592875,1,a4,1,1
8619,12.5833726704167,1,a4,1,1
8620,12.6000396093056,1,a4,1,1
8621,12.61670605375,1,a4,1,1
8622,12.63337285375,1,a4,1,1
8623,12.6500398370833,1,a4,1,1
8624,12.6667063009722,1,a4,1,1
8625,12.6833731704167,1,a4,1,1
8626,12.7000397981944,1,a4,1,1
8627,12.7167063370833,1,a4,1,1
8628,12.7333730231944,1,a4,1,1
8629,12.7500396509722,1,a4,1,1
8630,12.7667067731944,1,a4,1,1
8631,12.7833735926389,1,a4,1,1
8632,12.8000405704167,1,a4,1,1
8633,12.8167074981944,1,a4,1,1
8634,12.8333743259722,1,a4,1,1
8635,12.8500410370833,1,a4,1,1
8636,12.86670802875,1,a4,1,1
8637,12.8833747176389,1,a4,1,1
8638,12.9000416870833,1,a4,1,1
8639,12.9167082759722,1,a4,1,1
8640,12.9333749954167,1,a4,1,1
8641,12.9500416009722,1,a4,1,1
8642,12.9667082620833,1,a4,1,1
8643,12.9833749565278,1,a4,1,1
8644,13.0000415815278,1,a4,1,1
8645,13.0167084593056,1,a4,1,1
8646,13.03337495375,1,a4,1,1
8647,13.0500417676389,1,a4,1,1
8648,13.0667086204167,1,a4,1,1
8649,13.08337542875,1,a4,1,1
8650,13.10004190375,1,a4,1,1
8651,13.1167085370833,1,a4,1,1
8652,13.1333755009722,1,a4,1,1
8653,13.1500421481944,1,a4,1,1
8654,13.1667089481944,1,a4,1,1
8655,13.1833759315278,1,a4,1,1
8656,13.20004250375,1,a4,1,1
8657,13.2167090759722,1,a4,1,1
8658,13.2333759731944,1,a4,1,1
8659,13.2500424843056,1,a4,1,1
8660,13.2667096398611,1,a4,1,1
8661,13.2833764259722,1,a4,1,1
8662,13.3000431481944,1,a4,1,1
8663,13.3167099204167,1,a4,1,1
8664,13.3333769343056,1,a4,1,1
8665,13.3500437509722,1,a4,1,1
8666,13.3667103870833,1,a4,1,1
8667,13.3833770426389,1,a4,1,1
8668,13.4000440009722,1,a4,1,1
8669,13.4167104815278,1,a4,1,1
8670,13.43337737875,1,a4,1,1
8671,13.4500439009722,1,a4,1,1
8672,13.4667105620833,1,a4,1,1
8673,13.4833771759722,1,a4,1,1
8674,13.50004405375,1,a4,1,1
8675,13.5167105815278,1,a4,1,1
8676,13.5333773093056,1,a4,1,1
8677,13.55004420375,1,a4,1,1
8678,13.5667109509722,1,a4,1,1
8679,13.5833774981944,1,a4,1,1
8680,13.6000441509722,1,a4,1,1
8681,13.6167110620833,1,a4,1,1
8682,13.6333777620833,1,a4,1,1
8683,13.65004485375,1,a4,1,1
8684,13.6667114843056,1,a4,1,1
8685,13.6833779843056,1,a4,1,1
8686,13.7000448481944,1,a4,1,1
8687,13.7167118315278,1,a4,1,1
8688,13.73337837875,1,a4,1,1
8689,13.7500451148611,1,a4,1,1
8690,13.7667118231944,1,a4,1,1
8691,13.7833784676389,1,a4,1,1
8692,13.8000453981944,1,a4,1,1
8693,13.8167119454167,1,a4,1,1
8694,13.8333787676389,1,a4,1,1
8695,13.8500452481944,1,a4,1,1
8696,13.8667118926389,1,a4,1,1
8697,13.88337862875,1,a4,1,1
8698,13.9000454454167,1,a4,1,1
8699,13.9167120926389,1,a4,1,1
8700,13.9333786481944,1,a4,1,1
8701,13.9500454148611,1,a4,1,1
8702,13.96671200375,1,a4,1,1
8703,13.9833787870833,1,a4,1,1
8704,14.0000452398611,1,a4,1,1
8705,14.0167120898611,1,a4,1,1
8706,14.0333785648611,1,a4,1,1
8707,14.0500455843056,1,a4,1,1
8708,14.0667121454167,1,a4,1,1
8709,14.0833790176389,1,a4,1,1
8710,14.1000456231944,1,a4,1,1
8711,14.1167121481944,1,a4,1,1
8712,14.1333789231944,1,a4,1,1
8713,14.1500457398611,1,a4,1,1
8714,14.1667125148611,1,a4,1,1
8715,14.1833793343056,1,a4,1,1
8716,14.2000457343056,1,a4,1,1
8717,14.2167124815278,1,a4,1,1
8718,14.2333791759722,1,a4,1,1
8719,14.2500458620833,1,a4,1,1
8720,14.2667125676389,1,a4,1,1
8721,14.2833792648611,1,a4,1,1
8722,14.30004627875,1,a4,1,1
8723,14.3167128343056,1,a4,1,1
8724,14.3333796204167,1,a4,1,1
8725,14.3500461954167,1,a4,1,1
8726,14.3667128676389,1,a4,1,1
8727,14.3833795676389,1,a4,1,1
8728,14.4000462315278,1,a4,1,1
8729,14.4167127704167,1,a4,1,1
8730,14.4333795120833,1,a4,1,1
8731,14.4500464648611,1,a4,1,1
8732,14.46671287875,1,a4,1,1
8733,14.4833793981944,1,a4,1,1
8734,14.5000462676389,1,a4,1,1
8735,14.5167128315278,1,a4,1,1
8736,14.5333795093056,1,a4,1,1
8737,14.5500462176389,1,a4,1,1
8738,14.5667129648611,1,a4,1,1
8739,14.5833795315278,1,a4,1,1
8740,14.6000462620833,1,a4,1,1
8741,14.61671325375,1,a4,1,1
8742,14.6333798231944,1,a4,1,1
8743,14.6500463204167,1,a4,1,1
8744,14.6667129815278,1,a4,1,1
8745,14.6833798120833,1,a4,1,1
8746,14.7000463676389,1,a4,1,1
8747,14.7167129481944,1,a4,1,1
8748,14.7333797481944,1,a4,1,1
8749,14.7500465426389,1,a4,1,1
8750,14.7667131204167,1,a4,1,1
8751,14.7833797731944,1,a4,1,1
8752,14.8000464870833,1,a4,1,1
8753,14.8167131398611,1,a4,1,1
8754,14.8333797843056,1,a4,1,1
8755,14.8500464343056,1,a4,1,1
8756,14.8667132454167,1,a4,1,1
8757,14.8833798204167,1,a4,1,1
8758,14.9000464481944,1,a4,1,1
8759,14.9167129759722,1,a4,1,1
8760,14.9333798843056,1,a4,1,1
8761,14.9500464093056,1,a4,1,1
8762,14.9667131898611,1,a4,1,1
8763,14.9833797259722,1,a4,1,1
8764,15.0000463426389,1,a4,1,1
8765,15.0167132593056,1,a4,1,1
8766,15.03337970375,1,a4,1,1
8767,15.05004655375,1,a4,1,1
8768,15.0667130731944,1,a4,1,1
8769,15.08337967875,1,a4,1,1
8770,15.1000463926389,1,a4,1,1
8771,15.1167131259722,1,a4,1,1
8772,15.1333798481944,1,a4,1,1
8773,15.1500465593056,1,a4,1,1
8774,15.1667129926389,1,a4,1,1
8775,15.1833799231944,1,a4,1,1
8776,15.2000469870833,1,a4,1,1
8777,15.2167136509722,1,a4,1,1
8778,15.2333802343056,1,a4,1,1
8779,15.2500469843056,1,a4,1,1
8780,15.2667136454167,1,a4,1,1
8781,15.2833803759722,1,a4,1,1
8782,15.3000470843056,1,a4,1,1
8783,15.3167136009722,1,a4,1,1
8784,15.3333802148611,1,a4,1,1
8785,15.3500472954167,1,a4,1,1
8786,15.3667138481944,1,a4,1,1
8787,15.3833807870833,1,a4,1,1
8788,15.40004777875,1,a4,1,1
8789,15.4167144398611,1,a4,1,1
8790,15.4333811620833,1,a4,1,1
8791,15.45004805375,1,a4,1,1
8792,15.4667147926389,1,a4,1,1
8793,15.4833813370833,1,a4,1,1
8794,15.5000479926389,1,a4,1,1
8795,15.51671477875,1,a4,1,1
8796,15.5333818009722,1,a4,1,1
8797,15.5500483176389,1,a4,1,1
8798,15.5667149343056,1,a4,1,1
8799,15.5833819176389,1,a4,1,1
8800,15.6000487426389,1,a4,1,1
8801,15.6167157065278,1,a4,1,1
8802,15.6333823120833,1,a4,1,1
8803,15.6500488259722,1,a4,1,1
8804,15.6667155398611,1,a4,1,1
8805,15.6833821231944,1,a4,1,1
8806,15.70004902875,1,a4,1,1
8807,15.71671555375,1,a4,1,1
8808,15.7333826981944,1,a4,1,1
8809,15.7500493315278,1,a4,1,1
8810,15.7667159898611,1,a4,1,1
8811,15.7833826454167,1,a4,1,1
8812,15.80004932875,1,a4,1,1
8813,15.8167159370833,1,a4,1,1
8814,15.8333826481944,1,a4,1,1
8815,15.8500492176389,1,a4,1,1
8816,15.8667162981944,1,a4,1,1
8817,15.8833830120833,1,a4,1,1
8818,15.9000499259722,1,a4,1,1
8819,15.9167167176389,1,a4,1,1
8820,15.9333832343056,1,a4,1,1
8821,15.9500499565278,1,a4,1,1
8822,15.9667170926389,1,a4,1,1
8823,15.9833835620833,1,a4,1,1
8824,16.0000502954167,1,a4,1,1
8825,16.0167169843056,1,a4,1,1
8826,16.0333836759722,1,a4,1,1
8827,16.0500502176389,1,a4,1,1
8828,16.0667170704167,1,a4,1,1
8829,16.0833836120833,1,a4,1,1
8830,16.1000504898611,1,a4,1,1
8831,16.1167174704167,1,a4,1,1
8832,16.1333845176389,1,a4,1,1
8833,16.1500510648611,1,a4,1,1
8834,16.16671782875,1,a4,1,1
8835,16.1833844009722,1,a4,1,1
8836,16.2000515065278,1,a4,1,1
8837,16.2167180843056,1,a4,1,1
8838,16.2333846315278,1,a4,1,1
8839,16.2500514148611,1,a4,1,1
8840,16.2667181454167,1,a4,1,1
8841,16.2833848704167,1,a4,1,1
8842,16.3000514343056,1,a4,1,1
8843,16.3167180509722,1,a4,1,1
8844,16.3333846870833,1,a4,1,1
8845,16.3500515843056,1,a4,1,1
8846,16.3667183315278,1,a4,1,1
8847,16.3833851648611,1,a4,1,1
8848,16.4000521398611,1,a4,1,1
8849,16.41671875375,1,a4,1,1
8850,16.4333852093056,1,a4,1,1
8851,16.4500523565278,1,a4,1,1
8852,16.4667188093056,1,a4,1,1
8853,16.4833855981944,1,a4,1,1
8854,16.5000521565278,1,a4,1,1
8855,16.5167188370833,1,a4,1,1
8856,16.53338570375,1,a4,1,1
8857,16.5500523398611,1,a4,1,1
8858,16.5667190120833,1,a4,1,1
8859,16.5833855009722,1,a4,1,1
8860,16.6000522648611,1,a4,1,1
8861,16.6167193481944,1,a4,1,1
8862,16.6333857954167,1,a4,1,1
8863,16.6500525315278,1,a4,1,1
8864,16.6667194898611,1,a4,1,1
8865,16.6833861343056,1,a4,1,1
8866,16.7000527204167,1,a4,1,1
8867,16.7167197648611,1,a4,1,1
8868,16.7333867843056,1,a4,1,1
8869,16.7500532676389,1,a4,1,1
8870,16.7667201231944,1,a4,1,1
8871,16.7833866259722,1,a4,1,1
8872,16.8000534343056,1,a4,1,1
8873,16.8167200481944,1,a4,1,1
8874,16.8333867231944,1,a4,1,1
8875,16.8500534676389,1,a4,1,1
8876,16.86671995375,1,a4,1,1
8877,16.8833867648611,1,a4,1,1
8878,16.9000534204167,1,a4,1,1
8879,16.9167199620833,1,a4,1,1
8880,16.9333867759722,1,a4,1,1
8881,16.95005355375,1,a4,1,1
8882,16.9667203481944,1,a4,1,1
8883,16.9833870843056,1,a4,1,1
8884,17.0000535370833,1,a4,1,1
8885,17.0167203398611,1,a4,1,1
8886,17.0333869593056,1,a4,1,1
8887,17.0500537120833,1,a4,1,1
8888,17.0667203898611,1,a4,1,1
8889,17.0833870565278,1,a4,1,1
8890,17.1000537259722,1,a4,1,1
8891,17.11672035375,1,a4,1,1
8892,17.1333869398611,1,a4,1,1
8893,17.1500537093056,1,a4,1,1
8894,17.1667206176389,1,a4,1,1
8895,17.18338737875,1,a4,1,1
8896,17.20005390375,1,a4,1,1
8897,17.21672070375,1,a4,1,1
8898,17.2333873648611,1,a4,1,1
8899,17.2500538009722,1,a4,1,1
8900,17.2667207398611,1,a4,1,1
8901,17.2833874898611,1,a4,1,1
8902,17.3000543176389,1,a4,1,1
8903,17.3167208148611,1,a4,1,1
8904,17.3333874259722,1,a4,1,1
8905,17.3500541870833,1,a4,1,1
8906,17.36672092875,1,a4,1,1
8907,17.3833875898611,1,a4,1,1
8908,17.4000544759722,1,a4,1,1
8909,17.41672130375,1,a4,1,1
8910,17.4333878815278,1,a4,1,1
8911,17.4500544454167,1,a4,1,1
8912,17.4667211843056,1,a4,1,1
8913,17.4833876926389,1,a4,1,1
8914,17.5000547509722,1,a4,1,1
8915,17.5167214843056,1,a4,1,1
8916,17.5333884870833,1,a4,1,1
8917,17.5500551231944,1,a4,1,1
8918,17.5667217259722,1,a4,1,1
8919,17.5833884981944,1,a4,1,1
8920,17.6000550176389,1,a4,1,1
8921,17.6167217065278,1,a4,1,1
8922,17.6333886259722,1,a4,1,1
8923,17.6500555120833,1,a4,1,1
8924,17.6667224648611,1,a4,1,1
8925,17.6833892843056,1,a4,1,1
8926,17.7000562843056,1,a4,1,1
8927,17.7167229398611,1,a4,1,1
8928,17.73338955375,1,a4,1,1
8929,17.75005637875,1,a4,1,1
8930,17.7667229926389,1,a4,1,1
8931,17.7833899704167,1,a4,1,1
8932,17.8000569093056,1,a4,1,1
8933,17.8167236426389,1,a4,1,1
8934,17.8333902370833,1,a4,1,1
8935,17.8500570954167,1,a4,1,1
8936,17.8667236954167,1,a4,1,1
8937,17.88339025375,1,a4,1,1
8938,17.9000570398611,1,a4,1,1
8939,17.9167240093056,1,a4,1,1
8940,17.9333907565278,1,a4,1,1
8941,17.95005740375,1,a4,1,1
8942,17.9667240148611,1,a4,1,1
8943,17.9833906120833,1,a4,1,1
8944,18.0000571759722,1,a4,1,1
8945,18.0167240009722,1,a4,1,1
8946,18.0333906481944,1,a4,1,1
8947,18.0500573509722,1,a4,1,1
8948,18.0667238120833,1,a4,1,1
8949,18.0833906204167,1,a4,1,1
8950,18.1000573704167,1,a4,1,1
8951,18.1167240398611,1,a4,1,1
8952,18.1333906065278,1,a4,1,1
8953,18.1500576093056,1,a4,1,1
8954,18.1667243176389,1,a4,1,1
8955,18.1833908648611,1,a4,1,1
8956,18.2000576954167,1,a4,1,1
8957,18.2167245704167,1,a4,1,1
8958,18.2333910593056,1,a4,1,1
8959,18.2500578120833,1,a4,1,1
8960,18.2667245870833,1,a4,1,1
8961,18.2833915315278,1,a4,1,1
8962,18.3000579731944,1,a4,1,1
8963,18.3167247065278,1,a4,1,1
8964,18.3333915620833,1,a4,1,1
8965,18.35005815375,1,a4,1,1
8966,18.36672467875,1,a4,1,1
8967,18.3833915009722,1,a4,1,1
8968,18.4000582176389,1,a4,1,1
8969,18.4167248315278,1,a4,1,1
8970,18.4333917870833,1,a4,1,1
8971,18.4500584259722,1,a4,1,1
8972,18.4667252231944,1,a4,1,1
8973,18.4833923954167,1,a4,1,1
8974,18.5000589759722,1,a4,1,1
8975,18.5167256593056,1,a4,1,1
8976,18.5333922398611,1,a4,1,1
8977,18.5500589065278,1,a4,1,1
8978,18.5667254815278,1,a4,1,1
8979,18.5833923454167,1,a4,1,1
8980,18.6000589565278,1,a4,1,1
8981,18.6167254870833,1,a4,1,1
8982,18.6333922454167,1,a4,1,1
8983,18.6500592176389,1,a4,1,1
8984,18.6667260481944,1,a4,1,1
8985,18.6833929204167,1,a4,1,1
8986,18.70005987875,1,a4,1,1
8987,18.71672660375,1,a4,1,1
8988,18.7333930315278,1,a4,1,1
8989,18.7500596676389,1,a4,1,1
8990,18.7667263898611,1,a4,1,1
8991,18.7833931565278,1,a4,1,1
8992,18.8000598176389,1,a4,1,1
8993,18.8167264204167,1,a4,1,1
8994,18.8333932398611,1,a4,1,1
8995,18.8500597731944,1,a4,1,1
8996,18.8667263065278,1,a4,1,1
8997,18.8833930426389,1,a4,1,1
8998,18.90005972875,1,a4,1,1
8999,18.9167263426389,1,a4,1,1
9000,18.9333933759722,1,a4,1,1
9001,18.95006037875,1,a4,1,1
9002,18.9667271870833,1,a4,1,1
9003,18.98339397875,1,a4,1,1
9004,19.0000606148611,1,a4,1,1
9005,19.0167273398611,1,a4,1,1
9006,19.0333939815278,1,a4,1,1
9007,19.0500606648611,1,a4,1,1
9008,19.0667273565278,1,a4,1,1
9009,19.0833940620833,1,a4,1,1
9010,19.1000606176389,1,a4,1,1
9011,19.1167271481944,1,a4,1,1
9012,19.13339407875,1,a4,1,1
9013,19.1500606231944,1,a4,1,1
9014,19.1667273898611,1,a4,1,1
9015,19.1833940481944,1,a4,1,1
9016,19.2000605815278,1,a4,1,1
9017,19.2167276370833,1,a4,1,1
9018,19.2333943759722,1,a4,1,1
9019,19.2500609676389,1,a4,1,1
9020,19.2667274870833,1,a4,1,1
9021,19.2833942148611,1,a4,1,1
9022,19.30006085375,1,a4,1,1
9023,19.31672742875,1,a4,1,1
9024,19.3333942120833,1,a4,1,1
9025,19.3500608815278,1,a4,1,1
9026,19.3667275093056,1,a4,1,1
9027,19.3833943481944,1,a4,1,1
9028,19.4000608676389,1,a4,1,1
9029,19.4167278898611,1,a4,1,1
9030,19.4333946204167,1,a4,1,1
9031,19.4500612093056,1,a4,1,1
9032,19.4667278759722,1,a4,1,1
9033,19.4833945509722,1,a4,1,1
9034,19.5000611593056,1,a4,1,1
9035,19.5167277009722,1,a4,1,1
9036,19.53339457875,1,a4,1,1
9037,19.55006122875,1,a4,1,1
9038,19.5667279426389,1,a4,1,1
9039,19.58339450375,1,a4,1,1
9040,19.6000615454167,1,a4,1,1
9041,19.6167282065278,1,a4,1,1
9042,19.6333950648611,1,a4,1,1
9043,19.6500615926389,1,a4,1,1
9044,19.6667283343056,1,a4,1,1
9045,19.6833951315278,1,a4,1,1
9046,19.7000619981944,1,a4,1,1
9047,19.7167287620833,1,a4,1,1
9048,19.7333956120833,1,a4,1,1
9049,19.7500622259722,1,a4,1,1
9050,19.7667288148611,1,a4,1,1
9051,19.7833957315278,1,a4,1,1
9052,19.8000621593056,1,a4,1,1
9053,19.8167289565278,1,a4,1,1
9054,19.8333954509722,1,a4,1,1
9055,19.8500621398611,1,a4,1,1
9056,19.8667289815278,1,a4,1,1
9057,19.8833955426389,1,a4,1,1
9058,19.9000622926389,1,a4,1,1
9059,19.9167289315278,1,a4,1,1
9060,19.9333957231944,1,a4,1,1
9061,19.9500625815278,1,a4,1,1
9062,19.9667293093056,1,a4,1,1
9063,19.9833958204167,1,a4,1,1
9064,1.11666921666667,2,a4,1,1
9065,1.13333583527778,2,a4,1,1
9066,1.15000249722222,2,a4,1,1
9067,1.16666923944444,2,a4,1,1
9068,1.18333577333333,2,a4,1,1
9069,1.20000261472222,2,a4,1,1
9070,1.21666912,2,a4,1,1
9071,1.23333573916667,2,a4,1,1
9072,1.25000285666667,2,a4,1,1
9073,1.26666933694444,2,a4,1,1
9074,1.28333619388889,2,a4,1,1
9075,1.30000276083333,2,a4,1,1
9076,1.31666940027778,2,a4,1,1
9077,1.33333602388889,2,a4,1,1
9078,1.35000279944444,2,a4,1,1
9079,1.3666693725,2,a4,1,1
9080,1.38333614138889,2,a4,1,1
9081,1.40000264472222,2,a4,1,1
9082,1.41666953055556,2,a4,1,1
9083,1.43333612111111,2,a4,1,1
9084,1.45000279777778,2,a4,1,1
9085,1.46666931972222,2,a4,1,1
9086,1.48333601527778,2,a4,1,1
9087,1.50000270472222,2,a4,1,1
9088,1.51666950194444,2,a4,1,1
9089,1.53333620833333,2,a4,1,1
9090,1.55000275805556,2,a4,1,1
9091,1.56666955666667,2,a4,1,1
9092,1.58333618361111,2,a4,1,1
9093,1.60000319138889,2,a4,1,1
9094,1.61666980888889,2,a4,1,1
9095,1.63333643611111,2,a4,1,1
9096,1.65000324416667,2,a4,1,1
9097,1.66667012527778,2,a4,1,1
9098,1.68333652861111,2,a4,1,1
9099,1.70000340833333,2,a4,1,1
9100,1.71666987333333,2,a4,1,1
9101,1.73333651305556,2,a4,1,1
9102,1.75000337611111,2,a4,1,1
9103,1.76667000583333,2,a4,1,1
9104,1.78333652416667,2,a4,1,1
9105,1.80000328111111,2,a4,1,1
9106,1.81667003277778,2,a4,1,1
9107,1.83333680805556,2,a4,1,1
9108,1.85000335,2,a4,1,1
9109,1.86666994083333,2,a4,1,1
9110,1.88333665444444,2,a4,1,1
9111,1.900003275,2,a4,1,1
9112,1.91667035944444,2,a4,1,1
9113,1.93333705805556,2,a4,1,1
9114,1.95000390944444,2,a4,1,1
9115,1.96667060083333,2,a4,1,1
9116,1.98333759472222,2,a4,1,1
9117,2.00000413416667,2,a4,1,1
9118,2.01667091166667,2,a4,1,1
9119,2.03333735138889,2,a4,1,1
9120,2.05000419111111,2,a4,1,1
9121,2.06667086833333,2,a4,1,1
9122,2.08333738194444,2,a4,1,1
9123,2.10000452861111,2,a4,1,1
9124,2.11667106388889,2,a4,1,1
9125,2.13333775305556,2,a4,1,1
9126,2.15000452416667,2,a4,1,1
9127,2.16667107861111,2,a4,1,1
9128,2.18333765166667,2,a4,1,1
9129,2.20000436333333,2,a4,1,1
9130,2.21667107805556,2,a4,1,1
9131,2.23333782833333,2,a4,1,1
9132,2.25000456833333,2,a4,1,1
9133,2.266671325,2,a4,1,1
9134,2.28333811444444,2,a4,1,1
9135,2.30000490833333,2,a4,1,1
9136,2.31667177666667,2,a4,1,1
9137,2.33333836361111,2,a4,1,1
9138,2.35000503138889,2,a4,1,1
9139,2.36667161388889,2,a4,1,1
9140,2.38333859027778,2,a4,1,1
9141,2.40000540055556,2,a4,1,1
9142,2.41667192833333,2,a4,1,1
9143,2.43333886722222,2,a4,1,1
9144,2.45000571444444,2,a4,1,1
9145,2.46667274777778,2,a4,1,1
9146,2.48333942555556,2,a4,1,1
9147,2.50000622277778,2,a4,1,1
9148,2.51667272277778,2,a4,1,1
9149,2.53333931722222,2,a4,1,1
9150,2.55000603388889,2,a4,1,1
9151,2.56667316444444,2,a4,1,1
9152,2.58333962,2,a4,1,1
9153,2.60000648944445,2,a4,1,1
9154,2.61667305055556,2,a4,1,1
9155,2.63333972833333,2,a4,1,1
9156,2.65000648111111,2,a4,1,1
9157,2.66667313388889,2,a4,1,1
9158,2.68333978388889,2,a4,1,1
9159,2.70000639222222,2,a4,1,1
9160,2.71667317,2,a4,1,1
9161,2.73333996722222,2,a4,1,1
9162,2.75000672555556,2,a4,1,1
9163,2.76667365055556,2,a4,1,1
9164,2.78334044777778,2,a4,1,1
9165,2.80000692833333,2,a4,1,1
9166,2.81667367,2,a4,1,1
9167,2.83334021722222,2,a4,1,1
9168,2.85000692,2,a4,1,1
9169,2.86667350333333,2,a4,1,1
9170,2.88334033666667,2,a4,1,1
9171,2.90000692833333,2,a4,1,1
9172,2.91667401166667,2,a4,1,1
9173,2.93334092555556,2,a4,1,1
9174,2.95000743944444,2,a4,1,1
9175,2.96667435888889,2,a4,1,1
9176,2.98334110611111,2,a4,1,1
9177,3.00000772,2,a4,1,1
9178,3.01667490055556,2,a4,1,1
9179,3.03334151722222,2,a4,1,1
9180,3.05000841444444,2,a4,1,1
9181,3.06667525611111,2,a4,1,1
9182,3.08334223666667,2,a4,1,1
9183,3.10000891166667,2,a4,1,1
9184,3.11667545611111,2,a4,1,1
9185,3.13334212555556,2,a4,1,1
9186,3.15000923666667,2,a4,1,1
9187,3.166675745,2,a4,1,1
9188,3.18334250333333,2,a4,1,1
9189,3.20000935055556,2,a4,1,1
9190,3.21667619777778,2,a4,1,1
9191,3.23334287555556,2,a4,1,1
9192,3.25000931166667,2,a4,1,1
9193,3.26667612833333,2,a4,1,1
9194,3.28334288666667,2,a4,1,1
9195,3.300009345,2,a4,1,1
9196,3.31667607555556,2,a4,1,1
9197,3.33334276166667,2,a4,1,1
9198,3.35000953666667,2,a4,1,1
9199,3.36667602833333,2,a4,1,1
9200,3.38334267833333,2,a4,1,1
9201,3.40000967277778,2,a4,1,1
9202,3.416676395,2,a4,1,1
9203,3.43334296166667,2,a4,1,1
9204,3.45001001444444,2,a4,1,1
9205,3.46667652833333,2,a4,1,1
9206,3.483343295,2,a4,1,1
9207,3.50001006722222,2,a4,1,1
9208,3.51667670611111,2,a4,1,1
9209,3.53334343666667,2,a4,1,1
9210,3.55001003666667,2,a4,1,1
9211,3.56667695055556,2,a4,1,1
9212,3.58334376444444,2,a4,1,1
9213,3.60001040333333,2,a4,1,1
9214,3.61667701444444,2,a4,1,1
9215,3.63334358388889,2,a4,1,1
9216,3.65001040888889,2,a4,1,1
9217,3.66667735611111,2,a4,1,1
9218,3.68334393944444,2,a4,1,1
9219,3.70001045611111,2,a4,1,1
9220,3.716677095,2,a4,1,1
9221,3.73334398388889,2,a4,1,1
9222,3.75001052277778,2,a4,1,1
9223,3.76667728666667,2,a4,1,1
9224,3.78334375888889,2,a4,1,1
9225,3.80001062555556,2,a4,1,1
9226,3.81667716166667,2,a4,1,1
9227,3.83334422555556,2,a4,1,1
9228,3.85001093944444,2,a4,1,1
9229,3.86667775055556,2,a4,1,1
9230,3.88334470611111,2,a4,1,1
9231,3.90001130333333,2,a4,1,1
9232,3.91667800888889,2,a4,1,1
9233,3.93334507,2,a4,1,1
9234,3.95001154777778,2,a4,1,1
9235,3.96667858666667,2,a4,1,1
9236,3.98334546444445,2,a4,1,1
9237,4.00001209222222,2,a4,1,1
9238,4.01667910055556,2,a4,1,1
9239,4.03334599777778,2,a4,1,1
9240,4.05001308666667,2,a4,1,1
9241,4.06667960888889,2,a4,1,1
9242,4.08334628666667,2,a4,1,1
9243,4.10001340333333,2,a4,1,1
9244,4.11667992555556,2,a4,1,1
9245,4.13334675888889,2,a4,1,1
9246,4.15001353944444,2,a4,1,1
9247,4.16668040888889,2,a4,1,1
9248,4.183346995,2,a4,1,1
9249,4.20001349222222,2,a4,1,1
9250,4.216680145,2,a4,1,1
9251,4.23334685055555,2,a4,1,1
9252,4.25001352555555,2,a4,1,1
9253,4.26668040055555,2,a4,1,1
9254,4.28334697,2,a4,1,1
9255,4.30001370611111,2,a4,1,1
9256,4.31668030055556,2,a4,1,1
9257,4.333346995,2,a4,1,1
9258,4.350013695,2,a4,1,1
9259,4.36668028111111,2,a4,1,1
9260,4.38334688111111,2,a4,1,1
9261,4.400013895,2,a4,1,1
9262,4.416680595,2,a4,1,1
9263,4.43334725333333,2,a4,1,1
9264,4.45001395333333,2,a4,1,1
9265,4.466680595,2,a4,1,1
9266,4.48334753111111,2,a4,1,1
9267,4.50001451166667,2,a4,1,1
9268,4.51668097555556,2,a4,1,1
9269,4.53334784777778,2,a4,1,1
9270,4.55001486722222,2,a4,1,1
9271,4.56668132,2,a4,1,1
9272,4.58334803388889,2,a4,1,1
9273,4.600014695,2,a4,1,1
9274,4.61668139777778,2,a4,1,1
9275,4.63334847,2,a4,1,1
9276,4.65001490611111,2,a4,1,1
9277,4.66668203944444,2,a4,1,1
9278,4.68334873666667,2,a4,1,1
9279,4.70001548111111,2,a4,1,1
9280,4.71668215055556,2,a4,1,1
9281,4.73334883388889,2,a4,1,1
9282,4.75001560333333,2,a4,1,1
9283,4.76668210611111,2,a4,1,1
9284,4.78334916444444,2,a4,1,1
9285,4.80001568111111,2,a4,1,1
9286,4.81668263388889,2,a4,1,1
9287,4.83334901444444,2,a4,1,1
9288,4.85001588666667,2,a4,1,1
9289,4.86668240055555,2,a4,1,1
9290,4.88334955611111,2,a4,1,1
9291,4.90001603666667,2,a4,1,1
9292,4.91668272277778,2,a4,1,1
9293,4.93334975888889,2,a4,1,1
9294,4.95001666166667,2,a4,1,1
9295,4.96668337277778,2,a4,1,1
9296,4.98335001722222,2,a4,1,1
9297,5.00001668944444,2,a4,1,1
9298,5.01668339222222,2,a4,1,1
9299,5.03335017833333,2,a4,1,1
9300,5.05001696444444,2,a4,1,1
9301,5.06668366722222,2,a4,1,1
9302,5.08335040888889,2,a4,1,1
9303,5.10001679777778,2,a4,1,1
9304,5.11668368388889,2,a4,1,1
9305,5.13335012833333,2,a4,1,1
9306,5.15001693111111,2,a4,1,1
9307,5.166683645,2,a4,1,1
9308,5.18335033666667,2,a4,1,1
9309,5.20001720055556,2,a4,1,1
9310,5.21668391722222,2,a4,1,1
9311,5.23335055333333,2,a4,1,1
9312,5.25001733666667,2,a4,1,1
9313,5.26668418111111,2,a4,1,1
9314,5.28335095333333,2,a4,1,1
9315,5.30001744777778,2,a4,1,1
9316,5.31668421166667,2,a4,1,1
9317,5.33335120888889,2,a4,1,1
9318,5.35001790611111,2,a4,1,1
9319,5.36668472,2,a4,1,1
9320,5.38335177277778,2,a4,1,1
9321,5.40001820611111,2,a4,1,1
9322,5.41668502555556,2,a4,1,1
9323,5.43335164777778,2,a4,1,1
9324,5.45001847833333,2,a4,1,1
9325,5.466685295,2,a4,1,1
9326,5.48335207555556,2,a4,1,1
9327,5.50001895611111,2,a4,1,1
9328,5.51668552277778,2,a4,1,1
9329,5.53335213388889,2,a4,1,1
9330,5.55001907833333,2,a4,1,1
9331,5.56668618388889,2,a4,1,1
9332,5.58335268666667,2,a4,1,1
9333,5.60001943944444,2,a4,1,1
9334,5.61668597555556,2,a4,1,1
9335,5.63335290055555,2,a4,1,1
9336,5.65001940055556,2,a4,1,1
9337,5.66668596722222,2,a4,1,1
9338,5.68335316722222,2,a4,1,1
9339,5.70001996166667,2,a4,1,1
9340,5.71668694222222,2,a4,1,1
9341,5.73335366722222,2,a4,1,1
9342,5.75002023666667,2,a4,1,1
9343,5.76668685333333,2,a4,1,1
9344,5.78335376722222,2,a4,1,1
9345,5.80002050888889,2,a4,1,1
9346,5.81668753388889,2,a4,1,1
9347,5.83335443944444,2,a4,1,1
9348,5.85002125333333,2,a4,1,1
9349,5.86668772833333,2,a4,1,1
9350,5.88335450888889,2,a4,1,1
9351,5.90002105333333,2,a4,1,1
9352,5.916687695,2,a4,1,1
9353,5.93335432,2,a4,1,1
9354,5.95002106722222,2,a4,1,1
9355,5.96668787833333,2,a4,1,1
9356,5.98335442277778,2,a4,1,1
9357,6.00002113666667,2,a4,1,1
9358,6.01668775888889,2,a4,1,1
9359,6.03335478666667,2,a4,1,1
9360,6.05002129777778,2,a4,1,1
9361,6.06668815055555,2,a4,1,1
9362,6.08335507277778,2,a4,1,1
9363,6.10002154222222,2,a4,1,1
9364,6.11668833666667,2,a4,1,1
9365,6.13335540055556,2,a4,1,1
9366,6.150022145,2,a4,1,1
9367,6.16668892555555,2,a4,1,1
9368,6.18335565888889,2,a4,1,1
9369,6.20002217555555,2,a4,1,1
9370,6.21668895333333,2,a4,1,1
9371,6.23335552,2,a4,1,1
9372,6.25002230888889,2,a4,1,1
9373,6.26668893944444,2,a4,1,1
9374,6.28335586166667,2,a4,1,1
9375,6.30002284222222,2,a4,1,1
9376,6.31668942277778,2,a4,1,1
9377,6.33335617833333,2,a4,1,1
9378,6.35002270333333,2,a4,1,1
9379,6.36668953388889,2,a4,1,1
9380,6.38335613666667,2,a4,1,1
9381,6.40002313388889,2,a4,1,1
9382,6.41668963111111,2,a4,1,1
9383,6.43335655888889,2,a4,1,1
9384,6.45002341444444,2,a4,1,1
9385,6.46669006166667,2,a4,1,1
9386,6.48335662555555,2,a4,1,1
9387,6.50002321722222,2,a4,1,1
9388,6.51668987277778,2,a4,1,1
9389,6.53335691722222,2,a4,1,1
9390,6.55002367555555,2,a4,1,1
9391,6.56669053111111,2,a4,1,1
9392,6.58335718944444,2,a4,1,1
9393,6.60002391444444,2,a4,1,1
9394,6.61669083111111,2,a4,1,1
9395,6.63335737555555,2,a4,1,1
9396,6.65002426722222,2,a4,1,1
9397,6.66669078388889,2,a4,1,1
9398,6.68335786166667,2,a4,1,1
9399,6.700024395,2,a4,1,1
9400,6.71669110055555,2,a4,1,1
9401,6.73335773111111,2,a4,1,1
9402,6.75002434777778,2,a4,1,1
9403,6.76669106444444,2,a4,1,1
9404,6.78335781166667,2,a4,1,1
9405,6.80002439222222,2,a4,1,1
9406,6.81669107277778,2,a4,1,1
9407,6.83335778666667,2,a4,1,1
9408,6.85002473111111,2,a4,1,1
9409,6.86669125888889,2,a4,1,1
9410,6.88335802833333,2,a4,1,1
9411,6.90002475888889,2,a4,1,1
9412,6.91669166444444,2,a4,1,1
9413,6.93335830611111,2,a4,1,1
9414,6.950025095,2,a4,1,1
9415,6.96669180611111,2,a4,1,1
9416,6.98335855888889,2,a4,1,1
9417,7.00002535888889,2,a4,1,1
9418,7.016692145,2,a4,1,1
9419,7.03335901722222,2,a4,1,1
9420,7.05002577,2,a4,1,1
9421,7.06669245055556,2,a4,1,1
9422,7.08335926722222,2,a4,1,1
9423,7.10002573944444,2,a4,1,1
9424,7.11669256444444,2,a4,1,1
9425,7.13335942555555,2,a4,1,1
9426,7.15002612,2,a4,1,1
9427,7.16669272,2,a4,1,1
9428,7.18335980888889,2,a4,1,1
9429,7.20002632277778,2,a4,1,1
9430,7.21669296722222,2,a4,1,1
9431,7.23335983388889,2,a4,1,1
9432,7.25002645611111,2,a4,1,1
9433,7.26669318666667,2,a4,1,1
9434,7.28335979222222,2,a4,1,1
9435,7.30002630333333,2,a4,1,1
9436,7.31669327833333,2,a4,1,1
9437,7.33336004222222,2,a4,1,1
9438,7.35002665055555,2,a4,1,1
9439,7.36669329222222,2,a4,1,1
9440,7.38335996444444,2,a4,1,1
9441,7.400026645,2,a4,1,1
9442,7.41669335888889,2,a4,1,1
9443,7.43335997555555,2,a4,1,1
9444,7.45002660888889,2,a4,1,1
9445,7.46669363666667,2,a4,1,1
9446,7.48336047555556,2,a4,1,1
9447,7.50002708666667,2,a4,1,1
9448,7.51669384222222,2,a4,1,1
9449,7.533360595,2,a4,1,1
9450,7.55002730333333,2,a4,1,1
9451,7.56669390333333,2,a4,1,1
9452,7.58336058388889,2,a4,1,1
9453,7.60002712,2,a4,1,1
9454,7.61669391444444,2,a4,1,1
9455,7.63336053111111,2,a4,1,1
9456,7.65002721444444,2,a4,1,1
9457,7.66669403944444,2,a4,1,1
9458,7.68336080611111,2,a4,1,1
9459,7.70002747555556,2,a4,1,1
9460,7.716694145,2,a4,1,1
9461,7.73336111722222,2,a4,1,1
9462,7.75002796166667,2,a4,1,1
9463,7.76669476166667,2,a4,1,1
9464,7.78336150611111,2,a4,1,1
9465,7.80002806166667,2,a4,1,1
9466,7.81669472555555,2,a4,1,1
9467,7.833361395,2,a4,1,1
9468,7.85002838388889,2,a4,1,1
9469,7.86669491722222,2,a4,1,1
9470,7.88336168944444,2,a4,1,1
9471,7.90002827555556,2,a4,1,1
9472,7.91669505333333,2,a4,1,1
9473,7.93336170055556,2,a4,1,1
9474,7.95002839222222,2,a4,1,1
9475,7.96669514222222,2,a4,1,1
9476,7.98336180611111,2,a4,1,1
9477,8.000028695,2,a4,1,1
9478,8.01669552833333,2,a4,1,1
9479,8.03336236166667,2,a4,1,1
9480,8.05002887833333,2,a4,1,1
9481,8.06669543388889,2,a4,1,1
9482,8.08336208388889,2,a4,1,1
9483,8.100028845,2,a4,1,1
9484,8.11669568111111,2,a4,1,1
9485,8.13336209777778,2,a4,1,1
9486,8.15002897833333,2,a4,1,1
9487,8.16669545333333,2,a4,1,1
9488,8.18336212555556,2,a4,1,1
9489,8.20002891444445,2,a4,1,1
9490,8.21669545611111,2,a4,1,1
9491,8.23336218388889,2,a4,1,1
9492,8.25002927,2,a4,1,1
9493,8.26669613111111,2,a4,1,1
9494,8.28336278111111,2,a4,1,1
9495,8.30002953666667,2,a4,1,1
9496,8.31669624777778,2,a4,1,1
9497,8.33336312277778,2,a4,1,1
9498,8.35003011722222,2,a4,1,1
9499,8.36669652555556,2,a4,1,1
9500,8.38336335055556,2,a4,1,1
9501,8.40003005333333,2,a4,1,1
9502,8.416696495,2,a4,1,1
9503,8.43336339777778,2,a4,1,1
9504,8.45002998666667,2,a4,1,1
9505,8.46669652555556,2,a4,1,1
9506,8.48336320888889,2,a4,1,1
9507,8.50003002,2,a4,1,1
9508,8.51669686166667,2,a4,1,1
9509,8.53336350611111,2,a4,1,1
9510,8.55003039222222,2,a4,1,1
9511,8.56669716166667,2,a4,1,1
9512,8.58336394777778,2,a4,1,1
9513,8.60003058388889,2,a4,1,1
9514,8.61669734222222,2,a4,1,1
9515,8.63336400888889,2,a4,1,1
9516,8.65003055055556,2,a4,1,1
9517,8.66669756722222,2,a4,1,1
9518,8.68336422277778,2,a4,1,1
9519,8.70003088944445,2,a4,1,1
9520,8.71669758111111,2,a4,1,1
9521,8.73336412555556,2,a4,1,1
9522,8.75003076722222,2,a4,1,1
9523,8.76669749222222,2,a4,1,1
9524,8.78336428944445,2,a4,1,1
9525,8.80003122833333,2,a4,1,1
9526,8.81669793388889,2,a4,1,1
9527,8.83336461444445,2,a4,1,1
9528,8.85003129222222,2,a4,1,1
9529,8.86669845055556,2,a4,1,1
9530,8.88336487833333,2,a4,1,1
9531,8.90003175055556,2,a4,1,1
9532,8.91669867555556,2,a4,1,1
9533,8.93336517,2,a4,1,1
9534,8.95003188111111,2,a4,1,1
9535,8.966698995,2,a4,1,1
9536,8.98336542555556,2,a4,1,1
9537,9.00003227277778,2,a4,1,1
9538,9.016698945,2,a4,1,1
9539,9.03336547277778,2,a4,1,1
9540,9.05003219777778,2,a4,1,1
9541,9.06669885055556,2,a4,1,1
9542,9.08336567833333,2,a4,1,1
9543,9.10003221444444,2,a4,1,1
9544,9.11669895333333,2,a4,1,1
9545,9.13336547,2,a4,1,1
9546,9.15003218111111,2,a4,1,1
9547,9.16669895888889,2,a4,1,1
9548,9.18336545611111,2,a4,1,1
9549,9.20003259222222,2,a4,1,1
9550,9.21669915888889,2,a4,1,1
9551,9.23336611166667,2,a4,1,1
9552,9.25003283388889,2,a4,1,1
9553,9.26669939222222,2,a4,1,1
9554,9.28336613666667,2,a4,1,1
9555,9.300032795,2,a4,1,1
9556,9.31669939777778,2,a4,1,1
9557,9.33336609222222,2,a4,1,1
9558,9.35003287,2,a4,1,1
9559,9.36669938666667,2,a4,1,1
9560,9.38336603666667,2,a4,1,1
9561,9.40003264222222,2,a4,1,1
9562,9.41669936722222,2,a4,1,1
9563,9.43336597555556,2,a4,1,1
9564,9.45003278388889,2,a4,1,1
9565,9.466699495,2,a4,1,1
9566,9.48336605333333,2,a4,1,1
9567,9.50003285611111,2,a4,1,1
9568,9.516699645,2,a4,1,1
9569,9.53336623111111,2,a4,1,1
9570,9.55003274777778,2,a4,1,1
9571,9.56669953666667,2,a4,1,1
9572,9.58336610611111,2,a4,1,1
9573,9.60003273666667,2,a4,1,1
9574,9.61669951166667,2,a4,1,1
9575,9.63336617555556,2,a4,1,1
9576,9.65003272277778,2,a4,1,1
9577,9.66669952277778,2,a4,1,1
9578,9.68336639222222,2,a4,1,1
9579,9.70003320055556,2,a4,1,1
9580,9.71670005888889,2,a4,1,1
9581,9.73336687555556,2,a4,1,1
9582,9.75003356444445,2,a4,1,1
9583,9.76670032833333,2,a4,1,1
9584,9.78336683666667,2,a4,1,1
9585,9.80003367555556,2,a4,1,1
9586,9.81670035611111,2,a4,1,1
9587,9.83336702,2,a4,1,1
9588,9.85003354777778,2,a4,1,1
9589,9.86670021166667,2,a4,1,1
9590,9.88336685611111,2,a4,1,1
9591,9.90003346722222,2,a4,1,1
9592,9.91670015611111,2,a4,1,1
9593,9.93336686166667,2,a4,1,1
9594,9.95003354777778,2,a4,1,1
9595,9.96670026444444,2,a4,1,1
9596,9.983366945,2,a4,1,1
9597,10.0000336755556,2,a4,1,1
9598,10.0167003727778,2,a4,1,1
9599,10.0333670366667,2,a4,1,1
9600,10.0500334811111,2,a4,1,1
9601,10.0667002644444,2,a4,1,1
9602,10.0833669005556,2,a4,1,1
9603,10.100033495,2,a4,1,1
9604,10.1167002477778,2,a4,1,1
9605,10.1333669005556,2,a4,1,1
9606,10.1500335422222,2,a4,1,1
9607,10.1667003922222,2,a4,1,1
9608,10.1833672894444,2,a4,1,1
9609,10.2000340005556,2,a4,1,1
9610,10.2167008366667,2,a4,1,1
9611,10.2333675727778,2,a4,1,1
9612,10.25003412,2,a4,1,1
9613,10.2667009922222,2,a4,1,1
9614,10.2833681838889,2,a4,1,1
9615,10.3000349311111,2,a4,1,1
9616,10.31670157,2,a4,1,1
9617,10.3333683061111,2,a4,1,1
9618,10.3500349977778,2,a4,1,1
9619,10.3667017366667,2,a4,1,1
9620,10.3833684144444,2,a4,1,1
9621,10.4000350672222,2,a4,1,1
9622,10.4167015783333,2,a4,1,1
9623,10.4333685505556,2,a4,1,1
9624,10.4500352477778,2,a4,1,1
9625,10.4667020477778,2,a4,1,1
9626,10.4833685505556,2,a4,1,1
9627,10.5000353838889,2,a4,1,1
9628,10.5167018783333,2,a4,1,1
9629,10.5333687811111,2,a4,1,1
9630,10.5500354866667,2,a4,1,1
9631,10.5667023755556,2,a4,1,1
9632,10.5833691644444,2,a4,1,1
9633,10.6000357005556,2,a4,1,1
9634,10.61670267,2,a4,1,1
9635,10.6333690811111,2,a4,1,1
9636,10.6500357227778,2,a4,1,1
9637,10.66670242,2,a4,1,1
9638,10.6833691477778,2,a4,1,1
9639,10.7000362311111,2,a4,1,1
9640,10.7167029255556,2,a4,1,1
9641,10.7333698227778,2,a4,1,1
9642,10.7500362255556,2,a4,1,1
9643,10.7667031755556,2,a4,1,1
9644,10.7833699394444,2,a4,1,1
9645,10.8000366755556,2,a4,1,1
9646,10.8167036394444,2,a4,1,1
9647,10.833370295,2,a4,1,1
9648,10.8500369644444,2,a4,1,1
9649,10.8667035116667,2,a4,1,1
9650,10.8833705116667,2,a4,1,1
9651,10.900037145,2,a4,1,1
9652,10.9167039172222,2,a4,1,1
9653,10.9333704477778,2,a4,1,1
9654,10.9500372422222,2,a4,1,1
9655,10.966704045,2,a4,1,1
9656,10.9833707172222,2,a4,1,1
9657,11.0000374255556,2,a4,1,1
9658,11.0167041283333,2,a4,1,1
9659,11.0333710922222,2,a4,1,1
9660,11.0500377727778,2,a4,1,1
9661,11.0667042922222,2,a4,1,1
9662,11.0833711561111,2,a4,1,1
9663,11.1000377394444,2,a4,1,1
9664,11.1167048116667,2,a4,1,1
9665,11.1333714366667,2,a4,1,1
9666,11.1500379394444,2,a4,1,1
9667,11.1667046838889,2,a4,1,1
9668,11.1833713005556,2,a4,1,1
9669,11.2000381088889,2,a4,1,1
9670,11.2167046255556,2,a4,1,1
9671,11.2333713311111,2,a4,1,1
9672,11.250038095,2,a4,1,1
9673,11.2667046338889,2,a4,1,1
9674,11.2833713533333,2,a4,1,1
9675,11.300038045,2,a4,1,1
9676,11.3167048227778,2,a4,1,1
9677,11.3333715366667,2,a4,1,1
9678,11.350038245,2,a4,1,1
9679,11.3667048755556,2,a4,1,1
9680,11.383371745,2,a4,1,1
9681,11.4000382227778,2,a4,1,1
9682,11.4167053533333,2,a4,1,1
9683,11.4333720255556,2,a4,1,1
9684,11.4500386783333,2,a4,1,1
9685,11.4667051616667,2,a4,1,1
9686,11.4833718838889,2,a4,1,1
9687,11.5000390672222,2,a4,1,1
9688,11.5167054838889,2,a4,1,1
9689,11.5333721783333,2,a4,1,1
9690,11.5500391033333,2,a4,1,1
9691,11.5667062033333,2,a4,1,1
9692,11.58337317,2,a4,1,1
9693,11.6000396672222,2,a4,1,1
9694,11.6167063422222,2,a4,1,1
9695,11.6333731061111,2,a4,1,1
9696,11.6500397088889,2,a4,1,1
9697,11.6667064672222,2,a4,1,1
9698,11.6833730033333,2,a4,1,1
9699,11.7000400894444,2,a4,1,1
9700,11.7167067811111,2,a4,1,1
9701,11.73337342,2,a4,1,1
9702,11.7500400672222,2,a4,1,1
9703,11.7667065616667,2,a4,1,1
9704,11.7833732811111,2,a4,1,1
9705,11.8000399338889,2,a4,1,1
9706,11.8167070866667,2,a4,1,1
9707,11.8333735672222,2,a4,1,1
9708,11.8500401533333,2,a4,1,1
9709,11.8667068644444,2,a4,1,1
9710,11.8833738311111,2,a4,1,1
9711,11.9000406866667,2,a4,1,1
9712,11.9167074561111,2,a4,1,1
9713,11.9333743755556,2,a4,1,1
9714,11.9500410894444,2,a4,1,1
9715,11.966708095,2,a4,1,1
9716,11.9833747644444,2,a4,1,1
9717,12.0000413672222,2,a4,1,1
9718,12.0167079588889,2,a4,1,1
9719,12.0333749811111,2,a4,1,1
9720,12.0500416033333,2,a4,1,1
9721,12.06670832,2,a4,1,1
9722,12.0833748727778,2,a4,1,1
9723,12.1000415561111,2,a4,1,1
9724,12.1167084838889,2,a4,1,1
9725,12.1333748672222,2,a4,1,1
9726,12.1500416311111,2,a4,1,1
9727,12.1667084616667,2,a4,1,1
9728,12.1833749477778,2,a4,1,1
9729,12.2000418505556,2,a4,1,1
9730,12.21670872,2,a4,1,1
9731,12.2333755255556,2,a4,1,1
9732,12.2500421894444,2,a4,1,1
9733,12.2667089838889,2,a4,1,1
9734,12.2833755061111,2,a4,1,1
9735,12.3000422977778,2,a4,1,1
9736,12.3167089061111,2,a4,1,1
9737,12.3333756505556,2,a4,1,1
9738,12.3500422561111,2,a4,1,1
9739,12.3667091005556,2,a4,1,1
9740,12.3833761783333,2,a4,1,1
9741,12.4000426672222,2,a4,1,1
9742,12.4167094422222,2,a4,1,1
9743,12.4333762061111,2,a4,1,1
9744,12.4500431561111,2,a4,1,1
9745,12.4667098338889,2,a4,1,1
9746,12.4833764894444,2,a4,1,1
9747,12.5000431005556,2,a4,1,1
9748,12.5167096783333,2,a4,1,1
9749,12.5333764283333,2,a4,1,1
9750,12.5500430922222,2,a4,1,1
9751,12.5667101088889,2,a4,1,1
9752,12.5833766561111,2,a4,1,1
9753,12.6000432616667,2,a4,1,1
9754,12.616709945,2,a4,1,1
9755,12.6333767616667,2,a4,1,1
9756,12.6500434394444,2,a4,1,1
9757,12.6667099061111,2,a4,1,1
9758,12.6833766283333,2,a4,1,1
9759,12.7000434422222,2,a4,1,1
9760,12.7167102227778,2,a4,1,1
9761,12.7333770477778,2,a4,1,1
9762,12.7500436477778,2,a4,1,1
9763,12.766710345,2,a4,1,1
9764,12.78337687,2,a4,1,1
9765,12.8000435061111,2,a4,1,1
9766,12.8167103838889,2,a4,1,1
9767,12.8333769338889,2,a4,1,1
9768,12.8500436783333,2,a4,1,1
9769,12.8667103644444,2,a4,1,1
9770,12.8833769838889,2,a4,1,1
9771,12.9000434616667,2,a4,1,1
9772,12.9167102116667,2,a4,1,1
9773,12.9333769672222,2,a4,1,1
9774,12.950043645,2,a4,1,1
9775,12.9667103783333,2,a4,1,1
9776,12.9833769894444,2,a4,1,1
9777,13.0000436366667,2,a4,1,1
9778,13.0167101561111,2,a4,1,1
9779,13.0333771811111,2,a4,1,1
9780,13.05004392,2,a4,1,1
9781,13.0667105755556,2,a4,1,1
9782,13.0833775422222,2,a4,1,1
9783,13.1000445588889,2,a4,1,1
9784,13.1167109561111,2,a4,1,1
9785,13.1333781116667,2,a4,1,1
9786,13.1500447866667,2,a4,1,1
9787,13.1667114005556,2,a4,1,1
9788,13.1833780477778,2,a4,1,1
9789,13.20004482,2,a4,1,1
9790,13.2167114672222,2,a4,1,1
9791,13.2333779533333,2,a4,1,1
9792,13.2500452588889,2,a4,1,1
9793,13.26671182,2,a4,1,1
9794,13.2833786977778,2,a4,1,1
9795,13.3000453644444,2,a4,1,1
9796,13.3167119116667,2,a4,1,1
9797,13.3333786616667,2,a4,1,1
9798,13.3500454755556,2,a4,1,1
9799,13.3667122422222,2,a4,1,1
9800,13.3833790116667,2,a4,1,1
9801,13.4000454394444,2,a4,1,1
9802,13.4167121255556,2,a4,1,1
9803,13.4333788394444,2,a4,1,1
9804,13.4500454311111,2,a4,1,1
9805,13.4667122005556,2,a4,1,1
9806,13.4833788283333,2,a4,1,1
9807,13.5000455394444,2,a4,1,1
9808,13.5167123255556,2,a4,1,1
9809,13.5333792672222,2,a4,1,1
9810,13.55004592,2,a4,1,1
9811,13.5667124783333,2,a4,1,1
9812,13.58337902,2,a4,1,1
9813,13.6000459422222,2,a4,1,1
9814,13.6167125533333,2,a4,1,1
9815,13.6333790283333,2,a4,1,1
9816,13.6500458255556,2,a4,1,1
9817,13.6667123672222,2,a4,1,1
9818,13.6833792755556,2,a4,1,1
9819,13.7000457533333,2,a4,1,1
9820,13.7167123588889,2,a4,1,1
9821,13.7333791172222,2,a4,1,1
9822,13.7500457644444,2,a4,1,1
9823,13.766712695,2,a4,1,1
9824,13.7833794005556,2,a4,1,1
9825,13.8000460922222,2,a4,1,1
9826,13.8167131755556,2,a4,1,1
9827,13.8333798505556,2,a4,1,1
9828,13.8500463144444,2,a4,1,1
9829,13.8667133283333,2,a4,1,1
9830,13.8833799088889,2,a4,1,1
9831,13.9000466088889,2,a4,1,1
9832,13.9167132144444,2,a4,1,1
9833,13.9333800033333,2,a4,1,1
9834,13.9500466477778,2,a4,1,1
9835,13.9667134422222,2,a4,1,1
9836,13.9833801561111,2,a4,1,1
9837,14.00004707,2,a4,1,1
9838,14.0167134727778,2,a4,1,1
9839,14.0333803283333,2,a4,1,1
9840,14.0500470005556,2,a4,1,1
9841,14.0667135255556,2,a4,1,1
9842,14.0833805588889,2,a4,1,1
9843,14.1000475255556,2,a4,1,1
9844,14.1167145727778,2,a4,1,1
9845,14.1333810033333,2,a4,1,1
9846,14.1500480477778,2,a4,1,1
9847,14.16671472,2,a4,1,1
9848,14.1833812866667,2,a4,1,1
9849,14.2000481366667,2,a4,1,1
9850,14.2167146088889,2,a4,1,1
9851,14.2333813061111,2,a4,1,1
9852,14.2500480894444,2,a4,1,1
9853,14.2667147033333,2,a4,1,1
9854,14.2833813033333,2,a4,1,1
9855,14.3000481588889,2,a4,1,1
9856,14.3167148172222,2,a4,1,1
9857,14.3333814227778,2,a4,1,1
9858,14.3500479866667,2,a4,1,1
9859,14.3667147505556,2,a4,1,1
9860,14.3833815366667,2,a4,1,1
9861,14.4000481033333,2,a4,1,1
9862,14.4167146227778,2,a4,1,1
9863,14.43338157,2,a4,1,1
9864,14.450048295,2,a4,1,1
9865,14.4667153811111,2,a4,1,1
9866,14.4833819088889,2,a4,1,1
9867,14.5000484783333,2,a4,1,1
9868,14.5167155116667,2,a4,1,1
9869,14.5333821672222,2,a4,1,1
9870,14.5500487838889,2,a4,1,1
9871,14.56671542,2,a4,1,1
9872,14.5833823033333,2,a4,1,1
9873,14.6000488088889,2,a4,1,1
9874,14.6167156311111,2,a4,1,1
9875,14.6333825922222,2,a4,1,1
9876,14.650049345,2,a4,1,1
9877,14.6667161172222,2,a4,1,1
9878,14.6833827144444,2,a4,1,1
9879,14.7000497672222,2,a4,1,1
9880,14.7167163783333,2,a4,1,1
9881,14.733382945,2,a4,1,1
9882,14.7500498672222,2,a4,1,1
9883,14.7667166616667,2,a4,1,1
9884,14.7833832061111,2,a4,1,1
9885,14.8000500227778,2,a4,1,1
9886,14.8167165283333,2,a4,1,1
9887,14.8333833311111,2,a4,1,1
9888,14.8500500505556,2,a4,1,1
9889,14.8667165866667,2,a4,1,1
9890,14.8833832783333,2,a4,1,1
9891,14.9000499283333,2,a4,1,1
9892,14.91671657,2,a4,1,1
9893,14.9333833005556,2,a4,1,1
9894,14.9500501422222,2,a4,1,1
9895,14.966716595,2,a4,1,1
9896,14.9833833255556,2,a4,1,1
9897,15.000049945,2,a4,1,1
9898,15.0167169811111,2,a4,1,1
9899,15.0333838672222,2,a4,1,1
9900,15.0500504005556,2,a4,1,1
9901,15.0667174783333,2,a4,1,1
9902,15.0833840672222,2,a4,1,1
9903,15.1000508394444,2,a4,1,1
9904,15.1167176061111,2,a4,1,1
9905,15.1333840561111,2,a4,1,1
9906,15.1500507477778,2,a4,1,1
9907,15.1667174866667,2,a4,1,1
9908,15.1833845116667,2,a4,1,1
9909,15.2000510533333,2,a4,1,1
9910,15.2167178755556,2,a4,1,1
9911,15.2333845616667,2,a4,1,1
9912,15.2500512283333,2,a4,1,1
9913,15.2667179338889,2,a4,1,1
9914,15.2833847088889,2,a4,1,1
9915,15.3000516894444,2,a4,1,1
9916,15.3167182394444,2,a4,1,1
9917,15.333384995,2,a4,1,1
9918,15.3500516144444,2,a4,1,1
9919,15.3667183894444,2,a4,1,1
9920,15.3833850755556,2,a4,1,1
9921,15.4000517227778,2,a4,1,1
9922,15.4167184366667,2,a4,1,1
9923,15.4333849227778,2,a4,1,1
9924,15.4500516783333,2,a4,1,1
9925,15.4667184755556,2,a4,1,1
9926,15.4833849922222,2,a4,1,1
9927,15.5000515922222,2,a4,1,1
9928,15.5167183116667,2,a4,1,1
9929,15.5333849977778,2,a4,1,1
9930,15.5500516866667,2,a4,1,1
9931,15.56671822,2,a4,1,1
9932,15.5833851366667,2,a4,1,1
9933,15.6000516533333,2,a4,1,1
9934,15.6167182366667,2,a4,1,1
9935,15.63338497,2,a4,1,1
9936,15.6500515755556,2,a4,1,1
9937,15.6667184172222,2,a4,1,1
9938,15.6833850311111,2,a4,1,1
9939,15.7000515727778,2,a4,1,1
9940,15.7167182283333,2,a4,1,1
9941,15.7333848866667,2,a4,1,1
9942,15.7500516311111,2,a4,1,1
9943,15.7667182116667,2,a4,1,1
9944,15.78338502,2,a4,1,1
9945,15.8000518088889,2,a4,1,1
9946,15.8167184727778,2,a4,1,1
9947,15.8333852977778,2,a4,1,1
9948,15.8500522338889,2,a4,1,1
9949,15.8667188755556,2,a4,1,1
9950,15.8833855144444,2,a4,1,1
9951,15.9000521616667,2,a4,1,1
9952,15.916718995,2,a4,1,1
9953,15.9333854644444,2,a4,1,1
9954,15.9500520866667,2,a4,1,1
9955,15.9667187755556,2,a4,1,1
9956,15.9833856088889,2,a4,1,1
9957,16.00005222,2,a4,1,1
9958,16.0167188033333,2,a4,1,1
9959,16.03338547,2,a4,1,1
9960,16.0500523033333,2,a4,1,1
9961,16.0667187977778,2,a4,1,1
9962,16.0833854894444,2,a4,1,1
9963,16.1000523866667,2,a4,1,1
9964,16.116719045,2,a4,1,1
9965,16.1333859144444,2,a4,1,1
9966,16.1500523561111,2,a4,1,1
9967,16.1667190227778,2,a4,1,1
9968,16.1833862088889,2,a4,1,1
9969,16.2000527588889,2,a4,1,1
9970,16.2167193838889,2,a4,1,1
9971,16.2333862005556,2,a4,1,1
9972,16.2500526838889,2,a4,1,1
9973,16.2667195505556,2,a4,1,1
9974,16.2833864755556,2,a4,1,1
9975,16.3000532977778,2,a4,1,1
9976,16.3167203672222,2,a4,1,1
9977,16.3333869422222,2,a4,1,1
9978,16.3500537727778,2,a4,1,1
9979,16.3667204172222,2,a4,1,1
9980,16.3833872727778,2,a4,1,1
9981,16.40005377,2,a4,1,1
9982,16.4167204977778,2,a4,1,1
9983,16.4333871061111,2,a4,1,1
9984,16.4500538283333,2,a4,1,1
9985,16.4667206227778,2,a4,1,1
9986,16.4833872033333,2,a4,1,1
9987,16.5000537783333,2,a4,1,1
9988,16.5167203922222,2,a4,1,1
9989,16.5333872672222,2,a4,1,1
9990,16.5500539061111,2,a4,1,1
9991,16.5667204227778,2,a4,1,1
9992,16.5833871227778,2,a4,1,1
9993,16.6000537866667,2,a4,1,1
9994,16.6167209255556,2,a4,1,1
9995,16.6333876172222,2,a4,1,1
9996,16.6500545338889,2,a4,1,1
9997,16.6667211394444,2,a4,1,1
9998,16.6833878644444,2,a4,1,1
9999,16.700054445,2,a4,1,1
10000,16.71672097,2,a4,1,1
10001,16.7333877061111,2,a4,1,1
10002,16.7500543533333,2,a4,1,1
10003,16.7667210283333,2,a4,1,1
10004,16.7833876255556,2,a4,1,1
10005,16.8000543588889,2,a4,1,1
10006,16.81672102,2,a4,1,1
10007,16.8333876505556,2,a4,1,1
10008,16.8500544977778,2,a4,1,1
10009,16.8667214366667,2,a4,1,1
10010,16.8833879477778,2,a4,1,1
10011,16.900054845,2,a4,1,1
10012,16.9167213227778,2,a4,1,1
10013,16.9333882144444,2,a4,1,1
10014,16.9500549922222,2,a4,1,1
10015,16.96672197,2,a4,1,1
10016,16.9833886144444,2,a4,1,1
10017,17.0000552061111,2,a4,1,1
10018,17.0167218588889,2,a4,1,1
10019,17.0333890005556,2,a4,1,1
10020,17.0500555672222,2,a4,1,1
10021,17.0667222477778,2,a4,1,1
10022,17.0833890561111,2,a4,1,1
10023,17.1000555061111,2,a4,1,1
10024,17.1167224311111,2,a4,1,1
10025,17.1333890727778,2,a4,1,1
10026,17.1500557894444,2,a4,1,1
10027,17.1667227144444,2,a4,1,1
10028,17.1833894477778,2,a4,1,1
10029,17.2000562422222,2,a4,1,1
10030,17.2167228227778,2,a4,1,1
10031,17.2333895088889,2,a4,1,1
10032,17.2500561422222,2,a4,1,1
10033,17.26672287,2,a4,1,1
10034,17.2833893505556,2,a4,1,1
10035,17.3000559616667,2,a4,1,1
10036,17.3167226894444,2,a4,1,1
10037,17.33338942,2,a4,1,1
10038,17.3500561311111,2,a4,1,1
10039,17.3667229366667,2,a4,1,1
10040,17.3833896311111,2,a4,1,1
10041,17.4000564283333,2,a4,1,1
10042,17.4167233561111,2,a4,1,1
10043,17.4333898616667,2,a4,1,1
10044,17.4500565616667,2,a4,1,1
10045,17.4667235894444,2,a4,1,1
10046,17.48339017,2,a4,1,1
10047,17.5000570255556,2,a4,1,1
10048,17.5167237061111,2,a4,1,1
10049,17.5333902672222,2,a4,1,1
10050,17.5500570144444,2,a4,1,1
10051,17.5667235061111,2,a4,1,1
10052,17.5833902477778,2,a4,1,1
10053,17.6000571477778,2,a4,1,1
10054,17.6167239338889,2,a4,1,1
10055,17.6333908061111,2,a4,1,1
10056,17.6500574227778,2,a4,1,1
10057,17.6667242061111,2,a4,1,1
10058,17.6833909033333,2,a4,1,1
10059,17.7000576061111,2,a4,1,1
10060,17.71672402,2,a4,1,1
10061,17.7333907005556,2,a4,1,1
10062,17.7500573588889,2,a4,1,1
10063,17.7667241866667,2,a4,1,1
10064,17.7833906811111,2,a4,1,1
10065,17.8000574394444,2,a4,1,1
10066,17.8167242061111,2,a4,1,1
10067,17.8333912061111,2,a4,1,1
10068,17.8500578866667,2,a4,1,1
10069,17.8667243616667,2,a4,1,1
10070,17.8833910922222,2,a4,1,1
10071,17.9000578811111,2,a4,1,1
10072,17.91672442,2,a4,1,1
10073,17.93339147,2,a4,1,1
10074,17.9500581005556,2,a4,1,1
10075,17.9667245783333,2,a4,1,1
10076,17.9833915061111,2,a4,1,1
10077,18.0000579672222,2,a4,1,1
10078,18.01672477,2,a4,1,1
10079,18.0333913838889,2,a4,1,1
10080,18.0500579005556,2,a4,1,1
10081,18.06672477,2,a4,1,1
10082,18.0833912977778,2,a4,1,1
10083,18.100058295,2,a4,1,1
10084,18.1167250505556,2,a4,1,1
10085,18.1333915588889,2,a4,1,1
10086,18.1500584144444,2,a4,1,1
10087,18.1667249838889,2,a4,1,1
10088,18.1833919283333,2,a4,1,1
10089,18.2000585338889,2,a4,1,1
10090,18.2167253283333,2,a4,1,1
10091,18.2333920755556,2,a4,1,1
10092,18.2500588172222,2,a4,1,1
10093,18.2667254977778,2,a4,1,1
10094,18.28339207,2,a4,1,1
10095,18.300058945,2,a4,1,1
10096,18.3167256477778,2,a4,1,1
10097,18.3333921644444,2,a4,1,1
10098,18.3500590394444,2,a4,1,1
10099,18.3667254811111,2,a4,1,1
10100,18.3833924811111,2,a4,1,1
10101,18.4000592561111,2,a4,1,1
10102,18.4167258644444,2,a4,1,1
10103,18.4333926172222,2,a4,1,1
10104,18.4500592561111,2,a4,1,1
10105,18.4667259922222,2,a4,1,1
10106,18.4833926311111,2,a4,1,1
10107,18.5000595366667,2,a4,1,1
10108,18.51672617,2,a4,1,1
10109,18.533392795,2,a4,1,1
10110,18.5500593311111,2,a4,1,1
10111,18.5667260616667,2,a4,1,1
10112,18.58339262,2,a4,1,1
10113,18.6000595144444,2,a4,1,1
10114,18.6167260394444,2,a4,1,1
10115,18.63339272,2,a4,1,1
10116,18.6500595005556,2,a4,1,1
10117,18.666725995,2,a4,1,1
10118,18.6833928422222,2,a4,1,1
10119,18.7000596311111,2,a4,1,1
10120,18.7167261866667,2,a4,1,1
10121,18.7333928061111,2,a4,1,1
10122,18.7500593727778,2,a4,1,1
10123,18.7667261311111,2,a4,1,1
10124,18.7833927977778,2,a4,1,1
10125,18.8000594866667,2,a4,1,1
10126,18.8167260477778,2,a4,1,1
10127,18.8333928505556,2,a4,1,1
10128,18.8500596394444,2,a4,1,1
10129,18.86672627,2,a4,1,1
10130,18.8833929505556,2,a4,1,1
10131,18.9000597422222,2,a4,1,1
10132,18.9167265838889,2,a4,1,1
10133,18.9333933672222,2,a4,1,1
10134,18.9500598672222,2,a4,1,1
10135,18.9667267422222,2,a4,1,1
10136,18.9833932033333,2,a4,1,1
10137,19.0000598644444,2,a4,1,1
10138,19.0167266672222,2,a4,1,1
10139,19.0333932283333,2,a4,1,1
10140,19.0500600727778,2,a4,1,1
10141,19.0667267088889,2,a4,1,1
10142,19.0833932366667,2,a4,1,1
10143,19.1000598477778,2,a4,1,1
10144,19.1167266783333,2,a4,1,1
10145,19.1333933338889,2,a4,1,1
10146,19.1500599144444,2,a4,1,1
10147,19.1667265783333,2,a4,1,1
10148,19.1833934172222,2,a4,1,1
10149,19.2000600755556,2,a4,1,1
10150,19.2167265644444,2,a4,1,1
10151,19.2333935061111,2,a4,1,1
10152,19.2500601505556,2,a4,1,1
10153,19.2667270394444,2,a4,1,1
10154,19.28339372,2,a4,1,1
10155,19.300060545,2,a4,1,1
10156,19.3167271061111,2,a4,1,1
10157,19.3333937477778,2,a4,1,1
10158,19.3500606783333,2,a4,1,1
10159,19.3667271394444,2,a4,1,1
10160,19.3833939366667,2,a4,1,1
10161,19.4000606255556,2,a4,1,1
10162,19.4167271144444,2,a4,1,1
10163,19.4333939144444,2,a4,1,1
10164,19.4500606366667,2,a4,1,1
10165,19.4667272783333,2,a4,1,1
10166,19.4833938922222,2,a4,1,1
10167,19.5000605477778,2,a4,1,1
10168,19.5167272227778,2,a4,1,1
10169,19.5333939727778,2,a4,1,1
10170,19.5500608811111,2,a4,1,1
10171,19.5667275561111,2,a4,1,1
10172,19.5833943811111,2,a4,1,1
10173,19.6000610977778,2,a4,1,1
10174,19.6167277005556,2,a4,1,1
10175,19.6333948255556,2,a4,1,1
10176,19.6500612977778,2,a4,1,1
10177,19.6667281283333,2,a4,1,1
10178,19.6833946977778,2,a4,1,1
10179,19.7000617338889,2,a4,1,1
10180,19.71672842,2,a4,1,1
10181,19.7333952088889,2,a4,1,1
10182,19.7500618783333,2,a4,1,1
10183,19.7667288033333,2,a4,1,1
10184,19.7833959561111,2,a4,1,1
10185,19.8000626283333,2,a4,1,1
10186,19.81672937,2,a4,1,1
10187,19.8333958283333,2,a4,1,1
10188,19.8500624783333,2,a4,1,1
10189,19.8667291811111,2,a4,1,1
10190,19.8833959144444,2,a4,1,1
10191,19.9000624366667,2,a4,1,1
10192,19.9167295783333,2,a4,1,1
10193,19.9333962172222,2,a4,1,1
10194,19.9500628338889,2,a4,1,1
10195,19.9667295033333,2,a4,1,1
10196,19.9833962366667,2,a4,1,1
10197,1.11667211972222,0,a5,0,0
10198,1.13333855277778,0,a5,0,0
10199,1.15000525611111,0,a5,0,0
10200,1.16667210722222,0,a5,0,0
10201,1.1833388075,0,a5,0,0
10202,1.20000534583333,0,a5,0,0
10203,1.21667196944444,0,a5,0,0
10204,1.23333859805556,0,a5,0,0
10205,1.25000531388889,0,a5,0,0
10206,1.26667188194444,0,a5,0,0
10207,1.28333859333333,0,a5,0,0
10208,1.30000528972222,0,a5,0,0
10209,1.31667208,0,a5,0,0
10210,1.33333906638889,0,a5,0,0
10211,1.35000554972222,0,a5,0,0
10212,1.36667217194444,0,a5,0,0
10213,1.38333884694444,0,a5,0,0
10214,1.40000571916667,0,a5,0,0
10215,1.41667219416667,0,a5,0,0
10216,1.43333895527778,0,a5,0,0
10217,1.45000591638889,0,a5,0,0
10218,1.46667285805556,0,a5,0,0
10219,1.48333949138889,0,a5,0,0
10220,1.50000616083333,0,a5,0,0
10221,1.51667323305556,0,a5,0,0
10222,1.53333966083333,0,a5,0,0
10223,1.55000647472222,0,a5,0,0
10224,1.56667343583333,0,a5,0,0
10225,1.58333999138889,0,a5,0,0
10226,1.60000661916667,0,a5,0,0
10227,1.61667328305556,0,a5,0,0
10228,1.63334014416667,0,a5,0,0
10229,1.6500066275,0,a5,0,0
10230,1.6666735525,0,a5,0,0
10231,1.68333996638889,0,a5,0,0
10232,1.70000674972222,0,a5,0,0
10233,1.71667349972222,0,a5,0,0
10234,1.73334015805556,0,a5,0,0
10235,1.75000712194444,0,a5,0,0
10236,1.7666735775,0,a5,0,0
10237,1.78334026638889,0,a5,0,0
10238,1.80000713027778,0,a5,0,0
10239,1.81667375527778,0,a5,0,0
10240,1.83334051361111,0,a5,0,0
10241,1.85000739972222,0,a5,0,0
10242,1.86667394972222,0,a5,0,0
10243,1.8833406775,0,a5,0,0
10244,1.90000759416667,0,a5,0,0
10245,1.9166741025,0,a5,0,0
10246,1.93334108305556,0,a5,0,0
10247,1.95000781083333,0,a5,0,0
10248,1.96667485805556,0,a5,0,0
10249,1.98334192472222,0,a5,0,0
10250,2.00000853027778,0,a5,0,0
10251,2.0166751275,0,a5,0,0
10252,2.0333417775,0,a5,0,0
10253,2.05000858305556,0,a5,0,0
10254,2.06667530805556,0,a5,0,0
10255,2.08334197194444,0,a5,0,0
10256,2.10000864972222,0,a5,0,0
10257,2.11667541916667,0,a5,0,0
10258,2.13334187472222,0,a5,0,0
10259,2.15000856361111,0,a5,0,0
10260,2.16667551083333,0,a5,0,0
10261,2.18334225527778,0,a5,0,0
10262,2.20000910805556,0,a5,0,0
10263,2.21667572472222,0,a5,0,0
10264,2.23334229138889,0,a5,0,0
10265,2.25000908305556,0,a5,0,0
10266,2.26667599138889,0,a5,0,0
10267,2.28334248583333,0,a5,0,0
10268,2.30000919416667,0,a5,0,0
10269,2.31667625527778,0,a5,0,0
10270,2.33334281361111,0,a5,0,0
10271,2.35000950527778,0,a5,0,0
10272,2.36667606638889,0,a5,0,0
10273,2.38334279138889,0,a5,0,0
10274,2.40000986083333,0,a5,0,0
10275,2.41667655527778,0,a5,0,0
10276,2.43334324138889,0,a5,0,0
10277,2.45000994416667,0,a5,0,0
10278,2.46667679972222,0,a5,0,0
10279,2.48334363027778,0,a5,0,0
10280,2.50001030805556,0,a5,0,0
10281,2.51667695527778,0,a5,0,0
10282,2.53334384416667,0,a5,0,0
10283,2.55001063027778,0,a5,0,0
10284,2.56667721916667,0,a5,0,0
10285,2.58334386361111,0,a5,0,0
10286,2.60001061083333,0,a5,0,0
10287,2.61667723583333,0,a5,0,0
10288,2.63334405805556,0,a5,0,0
10289,2.65001065805555,0,a5,0,0
10290,2.66667718583333,0,a5,0,0
10291,2.68334403583333,0,a5,0,0
10292,2.70001071083333,0,a5,0,0
10293,2.71667729416667,0,a5,0,0
10294,2.73334385527778,0,a5,0,0
10295,2.75001099416667,0,a5,0,0
10296,2.76667744694444,0,a5,0,0
10297,2.78334453583333,0,a5,0,0
10298,2.80001108027778,0,a5,0,0
10299,2.81667806638889,0,a5,0,0
10300,2.83334466083333,0,a5,0,0
10301,2.85001112194444,0,a5,0,0
10302,2.86667784138889,0,a5,0,0
10303,2.88334471361111,0,a5,0,0
10304,2.90001140527778,0,a5,0,0
10305,2.91667808861111,0,a5,0,0
10306,2.93334506638889,0,a5,0,0
10307,2.95001165527778,0,a5,0,0
10308,2.96667846638889,0,a5,0,0
10309,2.9833454275,0,a5,0,0
10310,3.00001220805556,0,a5,0,0
10311,3.01667906638889,0,a5,0,0
10312,3.0333455525,0,a5,0,0
10313,3.05001229416667,0,a5,0,0
10314,3.06667916916667,0,a5,0,0
10315,3.08334620805556,0,a5,0,0
10316,3.10001294694444,0,a5,0,0
10317,3.11667944138889,0,a5,0,0
10318,3.13334642194444,0,a5,0,0
10319,3.15001340805556,0,a5,0,0
10320,3.16668005805556,0,a5,0,0
10321,3.18334665805556,0,a5,0,0
10322,3.20001349416667,0,a5,0,0
10323,3.21668001083333,0,a5,0,0
10324,3.23334685805555,0,a5,0,0
10325,3.25001338027778,0,a5,0,0
10326,3.26668024416667,0,a5,0,0
10327,3.28334729416667,0,a5,0,0
10328,3.30001409694444,0,a5,0,0
10329,3.31668093583333,0,a5,0,0
10330,3.33334748027778,0,a5,0,0
10331,3.35001435805555,0,a5,0,0
10332,3.36668097472222,0,a5,0,0
10333,3.38334756083333,0,a5,0,0
10334,3.40001413861111,0,a5,0,0
10335,3.41668129138889,0,a5,0,0
10336,3.43334791361111,0,a5,0,0
10337,3.45001475805556,0,a5,0,0
10338,3.46668159694444,0,a5,0,0
10339,3.48334814694444,0,a5,0,0
10340,3.50001471916667,0,a5,0,0
10341,3.5166814275,0,a5,0,0
10342,3.53334808583333,0,a5,0,0
10343,3.55001492472222,0,a5,0,0
10344,3.56668147194444,0,a5,0,0
10345,3.5833480025,0,a5,0,0
10346,3.60001486361111,0,a5,0,0
10347,3.61668141916667,0,a5,0,0
10348,3.63334823861111,0,a5,0,0
10349,3.65001475527778,0,a5,0,0
10350,3.66668155527778,0,a5,0,0
10351,3.68334806916667,0,a5,0,0
10352,3.70001469138889,0,a5,0,0
10353,3.71668154416667,0,a5,0,0
10354,3.73334799694444,0,a5,0,0
10355,3.75001466083333,0,a5,0,0
10356,3.76668134416667,0,a5,0,0
10357,3.78334803861111,0,a5,0,0
10358,3.80001477194444,0,a5,0,0
10359,3.81668144416667,0,a5,0,0
10360,3.83334818027778,0,a5,0,0
10361,3.85001493027778,0,a5,0,0
10362,3.86668143027778,0,a5,0,0
10363,3.88334824138889,0,a5,0,0
10364,3.90001479694444,0,a5,0,0
10365,3.91668141916667,0,a5,0,0
10366,3.93334816361111,0,a5,0,0
10367,3.95001471916667,0,a5,0,0
10368,3.96668142472222,0,a5,0,0
10369,3.98334848861111,0,a5,0,0
10370,4.00001532194444,0,a5,0,0
10371,4.01668209694444,0,a5,0,0
10372,4.03334907194444,0,a5,0,0
10373,4.05001580527778,0,a5,0,0
10374,4.06668243861111,0,a5,0,0
10375,4.08334938305556,0,a5,0,0
10376,4.10001577472222,0,a5,0,0
10377,4.11668266083333,0,a5,0,0
10378,4.13334923861111,0,a5,0,0
10379,4.15001576916667,0,a5,0,0
10380,4.16668303027778,0,a5,0,0
10381,4.18334953861111,0,a5,0,0
10382,4.20001631083333,0,a5,0,0
10383,4.21668279694444,0,a5,0,0
10384,4.23334947472222,0,a5,0,0
10385,4.25001621916667,0,a5,0,0
10386,4.26668283027778,0,a5,0,0
10387,4.2833495275,0,a5,0,0
10388,4.3000161525,0,a5,0,0
10389,4.31668287472222,0,a5,0,0
10390,4.33334940805556,0,a5,0,0
10391,4.35001624694444,0,a5,0,0
10392,4.36668283861111,0,a5,0,0
10393,4.38334968027778,0,a5,0,0
10394,4.40001649416667,0,a5,0,0
10395,4.4166830525,0,a5,0,0
10396,4.43334973861111,0,a5,0,0
10397,4.4500163525,0,a5,0,0
10398,4.46668311361111,0,a5,0,0
10399,4.48335004138889,0,a5,0,0
10400,4.50001674416667,0,a5,0,0
10401,4.51668361361111,0,a5,0,0
10402,4.53335040527778,0,a5,0,0
10403,4.55001711361111,0,a5,0,0
10404,4.5666837525,0,a5,0,0
10405,4.58335031638889,0,a5,0,0
10406,4.60001705527778,0,a5,0,0
10407,4.61668390527778,0,a5,0,0
10408,4.63335052472222,0,a5,0,0
10409,4.65001769972222,0,a5,0,0
10410,4.66668427472222,0,a5,0,0
10411,4.68335127194444,0,a5,0,0
10412,4.70001775805556,0,a5,0,0
10413,4.71668449972222,0,a5,0,0
10414,4.73335118305555,0,a5,0,0
10415,4.75001783861111,0,a5,0,0
10416,4.76668446083333,0,a5,0,0
10417,4.78335158583333,0,a5,0,0
10418,4.80001800805556,0,a5,0,0
10419,4.81668473861111,0,a5,0,0
10420,4.8333513525,0,a5,0,0
10421,4.85001803305556,0,a5,0,0
10422,4.86668484694444,0,a5,0,0
10423,4.88335143027778,0,a5,0,0
10424,4.90001803583333,0,a5,0,0
10425,4.91668483027778,0,a5,0,0
10426,4.93335133305556,0,a5,0,0
10427,4.9500181275,0,a5,0,0
10428,4.96668493305556,0,a5,0,0
10429,4.98335176361111,0,a5,0,0
10430,5.00001828583333,0,a5,0,-1
10431,5.01668492194444,0,a5,0,-1
10432,5.0333518025,0,a5,0,-1
10433,5.05001841916667,0,a5,0,-1
10434,5.06668498027778,0,a5,0,-1
10435,5.08335199138889,0,a5,0,-1
10436,5.10001863583333,0,a5,0,-1
10437,5.11668545805556,0,a5,0,-1
10438,5.13335210527778,0,a5,0,-1
10439,5.1500188525,0,a5,0,-1
10440,5.16668596361111,0,a5,0,-1
10441,5.18335261083333,0,a5,0,-1
10442,5.20001931361111,0,a5,0,-1
10443,5.21668592194444,0,a5,0,-1
10444,5.23335274416667,0,a5,0,-1
10445,5.25001976083333,0,a5,1,-1
10446,5.26668684972222,0,a5,1,-1
10447,5.28335329694444,0,a5,1,-1
10448,5.30002014694444,0,a5,0,-1
10449,5.31668679694444,0,a5,0,-1
10450,5.3333533275,0,a5,0,-1
10451,5.3500205275,0,a5,0,-1
10452,5.36668713861111,0,a5,0,-1
10453,5.38335371361111,0,a5,0,-1
10454,5.40002045805556,0,a5,0,-1
10455,5.41668695805556,0,a5,0,-1
10456,5.43335368027778,0,a5,0,-1
10457,5.45002061916667,0,a5,0,-1
10458,5.46668731083333,0,a5,0,-1
10459,5.48335385805555,0,a5,0,-1
10460,5.50002059416667,0,a5,0,-1
10461,5.51668721638889,0,a5,0,-1
10462,5.53335392194444,0,a5,0,-1
10463,5.55002096916667,0,a5,0,-1
10464,5.56668793583333,0,a5,1,-1
10465,5.58335441638889,0,a5,1,-1
10466,5.60002109694444,0,a5,1,-1
10467,5.6166877525,0,a5,1,-1
10468,5.63335472194444,0,a5,1,-1
10469,5.6500215275,0,a5,0,-1
10470,5.66668829972222,0,a5,0,-1
10471,5.68335534416667,0,a5,0,-1
10472,5.70002195527778,0,a5,0,-1
10473,5.71668894694444,0,a5,0,-1
10474,5.73335552472222,0,a5,0,-1
10475,5.75002259972222,0,a5,0,-1
10476,5.76668962194444,0,a5,0,-1
10477,5.78335605527778,0,a5,0,-1
10478,5.80002269694444,0,a5,0,-1
10479,5.81668953583333,0,a5,0,-1
10480,5.83335630527778,0,a5,0,-1
10481,5.85002298305556,0,a5,0,-1
10482,5.8666897025,0,a5,0,-1
10483,5.88335646638889,0,a5,0,-1
10484,5.90002323861111,0,a5,0,-1
10485,5.91668973861111,0,a5,0,-1
10486,5.93335651916667,0,a5,0,-1
10487,5.95002311083333,0,a5,0,-1
10488,5.96668982194444,0,a5,0,-1
10489,5.98335659694444,0,a5,0,-1
10490,6.00002313861111,0,a5,0,-1
10491,6.0166897275,0,a5,0,-1
10492,6.03335653861111,0,a5,0,-1
10493,6.05002339694444,0,a5,0,-1
10494,6.06669009972222,0,a5,0,-1
10495,6.08335670805555,0,a5,0,-1
10496,6.10002382472222,0,a5,0,-1
10497,6.11669060527778,0,a5,0,-1
10498,6.1333572775,0,a5,0,-1
10499,6.15002410527778,0,a5,0,-1
10500,6.1666905525,0,a5,0,-1
10501,6.1833573525,0,a5,0,-1
10502,6.20002413861111,0,a5,0,-1
10503,6.2166905025,0,a5,0,-1
10504,6.23335743305556,0,a5,0,-1
10505,6.25002418583333,0,a5,0,-1
10506,6.26669086361111,0,a5,0,-1
10507,6.28335795805556,0,a5,0,-1
10508,6.30002464416667,0,a5,0,-1
10509,6.31669157472222,0,a5,0,-1
10510,6.33335818583333,0,a5,0,-1
10511,6.35002490805556,0,a5,0,-1
10512,6.36669158583333,0,a5,0,-1
10513,6.38335801083333,0,a5,0,-1
10514,6.40002478583333,0,a5,0,-1
10515,6.4166915025,0,a5,0,-1
10516,6.43335814694444,0,a5,0,-1
10517,6.45002465805556,0,a5,0,-1
10518,6.46669153583333,0,a5,0,-1
10519,6.48335807194445,0,a5,0,-1
10520,6.50002478861111,0,a5,0,-1
10521,6.5166913275,0,a5,0,-1
10522,6.53335799972222,0,a5,0,-1
10523,6.55002516083333,0,a5,0,-1
10524,6.56669166638889,0,a5,0,-1
10525,6.58335831361111,0,a5,0,-1
10526,6.60002526638889,0,a5,0,-1
10527,6.61669200805556,0,a5,0,-1
10528,6.63335856916667,0,a5,0,-1
10529,6.65002565805556,0,a5,0,-1
10530,6.66669238305556,0,a5,0,-1
10531,6.68335893583333,0,a5,0,-1
10532,6.70002569972222,0,a5,0,-1
10533,6.71669229138889,0,a5,0,-1
10534,6.73335936083333,0,a5,0,-1
10535,6.75002599416667,0,a5,0,-1
10536,6.76669244138889,0,a5,1,-1
10537,6.78335948027778,0,a5,0,-1
10538,6.80002621638889,0,a5,0,-1
10539,6.8166929525,0,a5,0,-1
10540,6.8333598275,0,a5,0,-1
10541,6.85002658861111,0,a5,0,-1
10542,6.86669336361111,0,a5,0,-1
10543,6.88336031916667,0,a5,0,-1
10544,6.90002708861111,0,a5,0,-1
10545,6.91669353305555,0,a5,0,-1
10546,6.93336070805556,0,a5,0,-1
10547,6.95002758583333,0,a5,0,-1
10548,6.96669421361111,0,a5,0,-1
10549,6.98336096638889,0,a5,0,-1
10550,7.00002795805556,0,a5,0,-1
10551,7.01669438861111,0,a5,0,-1
10552,7.03336157472222,0,a5,0,-1
10553,7.05002801916667,0,a5,0,-1
10554,7.06669494694444,0,a5,0,-1
10555,7.08336178583333,0,a5,0,-1
10556,7.10002879416667,0,a5,0,-1
10557,7.11669533583333,0,a5,0,-1
10558,7.1333620275,0,a5,0,-1
10559,7.1500288025,0,a5,0,-1
10560,7.16669549416667,0,a5,0,-1
10561,7.18336193583333,0,a5,0,-1
10562,7.20002888305555,0,a5,0,-1
10563,7.21669536638889,0,a5,0,-1
10564,7.23336198861111,0,a5,0,-1
10565,7.25002870805555,0,a5,0,-1
10566,7.26669542472222,0,a5,0,-1
10567,7.28336197472222,0,a5,0,-1
10568,7.30002866083333,0,a5,0,-1
10569,7.31669557472222,0,a5,0,-1
10570,7.33336224416667,0,a5,0,-1
10571,7.35002921361111,0,a5,0,-1
10572,7.36669585527778,0,a5,0,-1
10573,7.38336251083333,0,a5,0,-1
10574,7.4000293025,0,a5,0,-1
10575,7.41669616638889,0,a5,0,-1
10576,7.43336288861111,0,a5,1,-1
10577,7.45002959416667,0,a5,1,-1
10578,7.46669608305556,0,a5,1,-1
10579,7.4833627275,0,a5,1,-1
10580,7.50002941083333,0,a5,1,-1
10581,7.51669619138889,0,a5,1,-1
10582,7.53336281916667,0,a5,0,-1
10583,7.55002950527778,0,a5,0,-1
10584,7.56669628861111,0,a5,0,-1
10585,7.58336289416667,0,a5,0,-1
10586,7.60002963861111,0,a5,0,-1
10587,7.61669642194444,0,a5,0,-1
10588,7.63336336083333,0,a5,0,-1
10589,7.65003024416667,0,a5,0,-1
10590,7.66669686638889,0,a5,0,-1
10591,7.68336337472222,0,a5,0,-1
10592,7.70003033027778,0,a5,0,-1
10593,7.71669699138889,0,a5,0,-1
10594,7.73336353027778,0,a5,0,-1
10595,7.75003018861111,0,a5,0,-1
10596,7.76669704694444,0,a5,0,-1
10597,7.78336355805555,0,a5,0,-1
10598,7.80003050805556,0,a5,1,-1
10599,7.81669699138889,0,a5,1,-1
10600,7.83336375527778,0,a5,1,-1
10601,7.85003028027778,0,a5,1,-1
10602,7.86669706638889,0,a5,1,-1
10603,7.88336368861111,0,a5,1,-1
10604,7.90003029416667,0,a5,1,-1
10605,7.91669701361111,0,a5,0,-1
10606,7.93336360805556,0,a5,0,-1
10607,7.95003024694444,0,a5,0,-1
10608,7.96669714416667,0,a5,0,-1
10609,7.98336356638889,0,a5,0,-1
10610,8.00003043027778,0,a5,0,-1
10611,8.01669695527778,0,a5,0,-1
10612,8.03336380527778,0,a5,0,-1
10613,8.05003027194444,0,a5,0,-1
10614,8.06669714694445,0,a5,0,-1
10615,8.08336365527778,0,a5,0,-1
10616,8.10003114694445,0,a5,1,-1
10617,8.11669768027778,0,a5,0,-1
10618,8.13336448861111,0,a5,0,-1
10619,8.15003120805556,0,a5,0,-1
10620,8.16669778027778,0,a5,0,-1
10621,8.18336468583333,0,a5,0,-1
10622,8.20003119694444,0,a5,0,-1
10623,8.21669823861111,0,a5,0,-1
10624,8.23336508027778,0,a5,0,-1
10625,8.25003183305556,0,a5,0,-1
10626,8.2666984025,0,a5,0,-1
10627,8.28336526361111,0,a5,0,-1
10628,8.30003176083333,0,a5,0,-1
10629,8.31669867472222,0,a5,0,-1
10630,8.33336537472222,0,a5,1,-1
10631,8.35003238305556,0,a5,1,-1
10632,8.3666990025,0,a5,1,-1
10633,8.38336558583334,0,a5,1,-1
10634,8.40003221083333,0,a5,1,-1
10635,8.41669930527778,0,a5,1,-1
10636,8.43336603305556,0,a5,1,-1
10637,8.4500327025,0,a5,1,-1
10638,8.46669944138889,0,a5,1,-1
10639,8.48336608027778,0,a5,1,-1
10640,8.50003294694444,0,a5,1,-1
10641,8.51669956361111,0,a5,1,-1
10642,8.53336605805556,0,a5,1,-1
10643,8.55003273027778,0,a5,1,-1
10644,8.56669952472222,0,a5,0,-1
10645,8.58336657472222,0,a5,0,-1
10646,8.60003314416667,0,a5,0,-1
10647,8.61669987472222,0,a5,0,-1
10648,8.63336664416667,0,a5,0,-1
10649,8.65003369416667,0,a5,0,-1
10650,8.66670044694444,0,a5,0,-1
10651,8.68336726083333,0,a5,0,-1
10652,8.70003399138889,0,a5,0,-1
10653,8.71670061916667,0,a5,0,-1
10654,8.73336723027778,0,a5,0,-1
10655,8.75003407472222,0,a5,0,-1
10656,8.76670057472222,0,a5,0,-1
10657,8.78336716083333,0,a5,0,-1
10658,8.80003405527778,0,a5,1,-1
10659,8.81670076638889,0,a5,1,-1
10660,8.8333673275,0,a5,1,-1
10661,8.85003391638889,0,a5,1,-1
10662,8.86670077194444,0,a5,1,-1
10663,8.88336744416667,0,a5,1,-1
10664,8.90003464416667,0,a5,1,-1
10665,8.91670155527778,0,a5,1,-1
10666,8.93336837472222,0,a5,1,-1
10667,8.95003504416667,0,a5,1,-1
10668,8.96670186361111,0,a5,1,-1
10669,8.98336843583333,0,a5,1,-1
10670,9.00003493861111,0,a5,1,-1
10671,9.01670185805555,0,a5,1,-1
10672,9.03336851916667,0,a5,0,-1
10673,9.05003499972222,0,a5,0,-1
10674,9.06670211916667,0,a5,0,-1
10675,9.08336861083333,0,a5,0,-1
10676,9.10003571083333,0,a5,0,-1
10677,9.11670228861111,0,a5,0,-1
10678,9.13336903305555,0,a5,0,-1
10679,9.15003553861111,0,a5,0,-1
10680,9.16670242472222,0,a5,0,-1
10681,9.18336924694444,0,a5,0,-1
10682,9.20003614694444,0,a5,0,-1
10683,9.21670274138889,0,a5,0,-1
10684,9.23336990805556,0,a5,0,-1
10685,9.2500365275,0,a5,1,-1
10686,9.26670322472222,0,a5,1,-1
10687,9.28336980527778,0,a5,1,-1
10688,9.30003653583333,0,a5,1,-1
10689,9.31670324138889,0,a5,0,-1
10690,9.33336980527778,0,a5,0,-1
10691,9.3500365275,0,a5,1,-1
10692,9.3667033775,0,a5,1,-1
10693,9.38337023027778,0,a5,0,-1
10694,9.40003708861111,0,a5,0,-1
10695,9.41670408583333,0,a5,0,-1
10696,9.43337073861111,0,a5,0,-1
10697,9.45003724416667,0,a5,0,-1
10698,9.46670418583333,0,a5,0,-1
10699,9.48337103861111,0,a5,0,-1
10700,9.50003774138889,0,a5,0,-1
10701,9.51670445805556,0,a5,0,-1
10702,9.5333711525,0,a5,0,-1
10703,9.55003771083333,0,a5,1,-1
10704,9.56670447472222,0,a5,1,-1
10705,9.58337146083334,0,a5,1,-1
10706,9.60003823583333,0,a5,1,-1
10707,9.61670479694445,0,a5,0,-1
10708,9.63337159694445,0,a5,0,-1
10709,9.65003811916667,0,a5,0,-1
10710,9.66670491361111,0,a5,0,-1
10711,9.68337159972222,0,a5,0,-1
10712,9.70003840527778,0,a5,0,-1
10713,9.71670511638889,0,a5,0,-1
10714,9.73337184138889,0,a5,0,-1
10715,9.75003869972222,0,a5,0,-1
10716,9.7667053025,0,a5,0,-1
10717,9.7833719025,0,a5,0,-1
10718,9.80003869972222,0,a5,0,-1
10719,9.81670533305556,0,a5,0,-1
10720,9.83337194138889,0,a5,0,-1
10721,9.85003869138889,0,a5,0,-1
10722,9.86670562472222,0,a5,0,-1
10723,9.88337271083333,0,a5,0,-1
10724,9.90003913583334,0,a5,0,-1
10725,9.91670591638889,0,a5,0,-1
10726,9.93337293583333,0,a5,1,-1
10727,9.95003953027778,0,a5,1,-1
10728,9.96670633583333,0,a5,0,-1
10729,9.98337322194445,0,a5,0,-1
10730,10.0000398441667,0,a5,0,-1
10731,10.0167064858333,0,a5,0,-1
10732,10.0333731997222,0,a5,0,-1
10733,10.0500398775,0,a5,0,-1
10734,10.0667065525,0,a5,0,-1
10735,10.0833731913889,0,a5,0,-1
10736,10.1000398302778,0,a5,0,-1
10737,10.1167065025,0,a5,0,-1
10738,10.1333731497222,0,a5,0,-1
10739,10.1500401580556,0,a5,0,-1
10740,10.1667067747222,0,a5,0,-1
10741,10.1833735525,0,a5,0,-1
10742,10.2000400802778,0,a5,0,-1
10743,10.2167071497222,0,a5,0,-1
10744,10.2333736802778,0,a5,0,-1
10745,10.2500403997222,0,a5,0,-1
10746,10.2667069719444,0,a5,1,-1
10747,10.2833738136111,0,a5,1,-1
10748,10.3000403163889,0,a5,1,-1
10749,10.3167070052778,0,a5,1,-1
10750,10.3333736580556,0,a5,1,-1
10751,10.3500404913889,0,a5,1,-1
10752,10.3667071108333,0,a5,0,-1
10753,10.3833735552778,0,a5,0,-1
10754,10.4000402663889,0,a5,0,-1
10755,10.4167068941667,0,a5,0,-1
10756,10.4333735775,0,a5,0,-1
10757,10.4500404025,0,a5,0,-1
10758,10.4667071247222,0,a5,0,-1
10759,10.4833737802778,0,a5,0,-1
10760,10.5000402802778,0,a5,0,-1
10761,10.5167073802778,0,a5,0,-1
10762,10.5333738969444,0,a5,0,-1
10763,10.5500405469444,0,a5,0,-1
10764,10.5667072941667,0,a5,0,-1
10765,10.5833739719444,0,a5,0,-1
10766,10.6000406802778,0,a5,0,-1
10767,10.6167073636111,0,a5,0,-1
10768,10.6333739886111,0,a5,0,-1
10769,10.6500405663889,0,a5,0,-1
10770,10.6667074025,0,a5,0,-1
10771,10.6833738969444,0,a5,0,-1
10772,10.7000407608333,0,a5,0,-1
10773,10.7167073441667,0,a5,0,-1
10774,10.7333739302778,0,a5,0,-1
10775,10.7500406497222,0,a5,0,-1
10776,10.7667076941667,0,a5,0,-1
10777,10.7833741691667,0,a5,0,-1
10778,10.8000408858333,0,a5,0,-1
10779,10.8167077080556,0,a5,0,-1
10780,10.8333746191667,0,a5,0,-1
10781,10.8500412358333,0,a5,0,-1
10782,10.8667079691667,0,a5,0,-1
10783,10.8833745080556,0,a5,1,-1
10784,10.9000410969444,0,a5,1,-1
10785,10.9167080663889,0,a5,1,-1
10786,10.9333747552778,0,a5,1,-1
10787,10.9500413580556,0,a5,1,-1
10788,10.9667082747222,0,a5,1,-1
10789,10.9833750080556,0,a5,1,-1
10790,11.0000417858333,0,a5,1,-1
10791,11.0167083997222,0,a5,1,-1
10792,11.0333750858333,0,a5,1,-1
10793,11.0500415969444,0,a5,1,-1
10794,11.0667083969444,0,a5,1,-1
10795,11.0833751275,0,a5,1,-1
10796,11.1000418775,0,a5,1,-1
10797,11.1167082886111,0,a5,0,-1
10798,11.1333749719444,0,a5,0,-1
10799,11.1500419386111,0,a5,0,-1
10800,11.1667088191667,0,a5,0,-1
10801,11.1833754691667,0,a5,0,-1
10802,11.2000420163889,0,a5,0,-1
10803,11.2167086830556,0,a5,0,-1
10804,11.2333756080556,0,a5,0,-1
10805,11.2500424025,0,a5,0,-1
10806,11.2667091497222,0,a5,0,-1
10807,11.2833758330556,0,a5,0,-1
10808,11.3000426108333,0,a5,0,-1
10809,11.3167093108333,0,a5,0,-1
10810,11.3333758080556,0,a5,0,-1
10811,11.3500425636111,0,a5,0,-1
10812,11.3667091025,0,a5,0,-1
10813,11.3833759469444,0,a5,0,-1
10814,11.4000426386111,0,a5,0,-1
10815,11.4167093275,0,a5,0,-1
10816,11.4333758969444,0,a5,0,-1
10817,11.4500429636111,0,a5,0,-1
10818,11.4667094275,0,a5,0,-1
10819,11.4833761552778,0,a5,0,-1
10820,11.5000429413889,0,a5,0,-1
10821,11.5167098052778,0,a5,0,-1
10822,11.5333765052778,0,a5,0,-1
10823,11.5500430163889,0,a5,0,-1
10824,11.5667099997222,0,a5,0,-1
10825,11.5833768136111,0,a5,0,-1
10826,11.6000435302778,0,a5,0,-1
10827,11.6167100108333,0,a5,0,-1
10828,11.6333767497222,0,a5,0,-1
10829,11.6500433275,0,a5,0,-1
10830,11.6667102858333,0,a5,0,-1
10831,11.6833771219444,0,a5,0,-1
10832,11.7000436858333,0,a5,0,-1
10833,11.7167101886111,0,a5,0,-1
10834,11.7333769441667,0,a5,0,-1
10835,11.7500436330556,0,a5,0,-1
10836,11.7667103886111,0,a5,0,-1
10837,11.7833768886111,0,a5,0,-1
10838,11.8000438830556,0,a5,0,-1
10839,11.8167107830556,0,a5,0,-1
10840,11.8333775775,0,a5,0,-1
10841,11.8500442441667,0,a5,0,-1
10842,11.8667108441667,0,a5,0,-1
10843,11.8833775080556,0,a5,0,-1
10844,11.9000443302778,0,a5,0,-1
10845,11.9167108719444,0,a5,0,-1
10846,11.9333776275,0,a5,1,-1
10847,11.9500442969444,0,a5,1,-1
10848,11.9667111691667,0,a5,1,-1
10849,11.9833779469444,0,a5,1,-1
10850,12.0000447275,0,a5,0,-1
10851,12.0167116413889,0,a5,0,-1
10852,12.0333785358333,0,a5,0,-1
10853,12.0500451913889,0,a5,0,-1
10854,12.0667117719444,0,a5,0,-1
10855,12.0833783469444,0,a5,0,-1
10856,12.1000451747222,0,a5,0,-1
10857,12.1167116191667,0,a5,0,-1
10858,12.1333784580556,0,a5,0,-1
10859,12.1500450858333,0,a5,0,-1
10860,12.1667118858333,0,a5,0,-1
10861,12.1833786025,0,a5,0,-1
10862,12.2000452691667,0,a5,0,-1
10863,12.2167120219444,0,a5,0,-1
10864,12.2333788025,0,a5,0,-1
10865,12.2500453913889,0,a5,0,-1
10866,12.2667119497222,0,a5,0,-1
10867,12.2833786830556,0,a5,0,-1
10868,12.3000453052778,0,a5,0,-1
10869,12.3167121886111,0,a5,0,-1
10870,12.3333791108333,0,a5,0,-1
10871,12.3500459636111,0,a5,0,-1
10872,12.3667125802778,0,a5,0,-1
10873,12.3833792052778,0,a5,0,-1
10874,12.4000457497222,0,a5,0,-1
10875,12.4167126441667,0,a5,0,-1
10876,12.4333792691667,0,a5,0,-1
10877,12.4500462608333,0,a5,0,-1
10878,12.4667130191667,0,a5,0,-1
10879,12.4833796691667,0,a5,0,-1
10880,12.5000463108333,0,a5,0,-1
10881,12.5167134247222,0,a5,0,-1
10882,12.5333800719444,0,a5,0,-1
10883,12.5500465747222,0,a5,0,-1
10884,12.5667135386111,0,a5,0,-1
10885,12.5833801941667,0,a5,0,-1
10886,12.6000471552778,0,a5,1,-1
10887,12.6167136858333,0,a5,1,-1
10888,12.6333804247222,0,a5,1,-1
10889,12.6500470913889,0,a5,1,-1
10890,12.6667137497222,0,a5,1,-1
10891,12.6833805247222,0,a5,1,-1
10892,12.7000471969444,0,a5,1,-1
10893,12.7167139386111,0,a5,1,-1
10894,12.7333807413889,0,a5,1,-1
10895,12.7500472469444,0,a5,1,-1
10896,12.7667138997222,0,a5,1,-1
10897,12.7833805886111,0,a5,1,-1
10898,12.8000471913889,0,a5,1,-1
10899,12.8167138413889,0,a5,1,-1
10900,12.8333805525,0,a5,1,-1
10901,12.8500473191667,0,a5,1,-1
10902,12.8667138941667,0,a5,1,-1
10903,12.8833804775,0,a5,1,-1
10904,12.9000472275,0,a5,1,-1
10905,12.9167139775,0,a5,1,-1
10906,12.9333807663889,0,a5,1,-1
10907,12.9500473636111,0,a5,1,-1
10908,12.9667141136111,0,a5,1,-1
10909,12.9833807775,0,a5,1,-1
10910,13.0000477358333,0,a5,1,-1
10911,13.0167145497222,0,a5,1,-1
10912,13.0333811663889,0,a5,1,-1
10913,13.0500481636111,0,a5,1,-1
10914,13.0667146802778,0,a5,1,-1
10915,13.0833817080556,0,a5,0,-1
10916,13.1000483663889,0,a5,0,-1
10917,13.1167150608333,0,a5,0,-1
10918,13.1333816080556,0,a5,0,-1
10919,13.1500482775,0,a5,0,-1
10920,13.1667151858333,0,a5,0,-1
10921,13.1833824497222,0,a5,0,-1
10922,13.2000492941667,0,a5,0,-1
10923,13.2167161608333,0,a5,1,-1
10924,13.2333828136111,0,a5,1,-1
10925,13.2500495330556,0,a5,1,-1
10926,13.2667161913889,0,a5,1,-1
10927,13.2833829552778,0,a5,1,-1
10928,13.3000495275,0,a5,1,-1
10929,13.3167162469444,0,a5,1,-1
10930,13.3333829052778,0,a5,1,-1
10931,13.3500493858333,0,a5,1,-1
10932,13.3667161997222,0,a5,1,-1
10933,13.3833829052778,0,a5,1,-1
10934,13.4000493858333,0,a5,1,-1
10935,13.4167161441667,0,a5,1,-1
10936,13.4333830552778,0,a5,1,-1
10937,13.4500499497222,0,a5,1,-1
10938,13.4667166636111,0,a5,1,-1
10939,13.4833838163889,0,a5,1,-1
10940,13.5000505247222,0,a5,1,-1
10941,13.5167173969444,0,a5,1,-1
10942,13.5333841386111,0,a5,1,-1
10943,13.5500508525,0,a5,1,-1
10944,13.5667174858333,0,a5,0,-1
10945,13.5833841413889,0,a5,1,-1
10946,13.6000510247222,0,a5,1,-1
10947,13.6167182275,0,a5,1,-1
10948,13.6333850552778,0,a5,1,-1
10949,13.6500518219444,0,a5,1,-1
10950,13.6667183469444,0,a5,1,-1
10951,13.6833850163889,0,a5,1,-1
10952,13.7000517025,0,a5,1,-1
10953,13.7167184025,0,a5,0,-1
10954,13.7333851858333,0,a5,0,-1
10955,13.7500518580556,0,a5,0,-1
10956,13.7667184775,0,a5,1,-1
10957,13.7833850691667,0,a5,0,-1
10958,13.8000517163889,0,a5,0,-1
10959,13.8167184941667,0,a5,0,-1
10960,13.8333851469444,0,a5,0,-1
10961,13.8500517080556,0,a5,1,-1
10962,13.8667185413889,0,a5,0,-1
10963,13.8833849719444,0,a5,0,-1
10964,13.9000520441667,0,a5,0,-1
10965,13.9167186830556,0,a5,0,-1
10966,13.9333852941667,0,a5,0,-1
10967,13.9500518997222,0,a5,0,-1
10968,13.9667187219444,0,a5,0,-1
10969,13.9833853747222,0,a5,0,-1
10970,14.0000523413889,0,a5,0,-1
10971,14.0167189247222,0,a5,0,-1
10972,14.0333855275,0,a5,0,-1
10973,14.0500524608333,0,a5,0,-1
10974,14.0667191469444,0,a5,0,-1
10975,14.0833858469444,0,a5,0,-1
10976,14.1000526802778,0,a5,0,-1
10977,14.1167193358333,0,a5,0,-1
10978,14.1333859497222,0,a5,0,-1
10979,14.1500526386111,0,a5,0,-1
10980,14.1667193330556,0,a5,0,-1
10981,14.1833861497222,0,a5,0,-1
10982,14.2000528775,0,a5,0,-1
10983,14.2167195580556,0,a5,0,-1
10984,14.2333860747222,0,a5,0,-1
10985,14.2500530413889,0,a5,0,-1
10986,14.2667201441667,0,a5,0,-1
10987,14.2833869191667,0,a5,1,-1
10988,14.3000539191667,0,a5,1,-1
10989,14.3167205997222,0,a5,1,-1
10990,14.3333873747222,0,a5,1,-1
10991,14.3500538136111,0,a5,1,-1
10992,14.3667206358333,0,a5,1,-1
10993,14.3833872386111,0,a5,1,-1
10994,14.4000538275,0,a5,1,-1
10995,14.4167205191667,0,a5,1,-1
10996,14.4333873636111,0,a5,1,-1
10997,14.4500540858333,0,a5,1,-1
10998,14.4667206580556,0,a5,0,-1
10999,14.4833874663889,0,a5,0,-1
11000,14.5000544525,0,a5,0,-1
11001,14.5167211802778,0,a5,0,-1
11002,14.5333880608333,0,a5,0,-1
11003,14.5500548219444,0,a5,0,-1
11004,14.5667217580556,0,a5,0,-1
11005,14.5833883108333,0,a5,0,-1
11006,14.6000552830556,0,a5,0,-1
11007,14.6167221163889,0,a5,0,-1
11008,14.6333887747222,0,a5,0,-1
11009,14.6500554219444,0,a5,1,-1
11010,14.6667221080556,0,a5,1,-1
11011,14.6833889552778,0,a5,1,-1
11012,14.7000558525,0,a5,1,-1
11013,14.7167224497222,0,a5,1,-1
11014,14.7333894969444,0,a5,1,-1
11015,14.7500562330556,0,a5,1,-1
11016,14.7667229191667,0,a5,1,-1
11017,14.7833898358333,0,a5,1,-1
11018,14.8000564025,0,a5,1,-1
11019,14.8167231663889,0,a5,1,-1
11020,14.8333900108333,0,a5,1,-1
11021,14.8500567330556,0,a5,1,-1
11022,14.8667235469444,0,a5,1,-1
11023,14.8833899386111,0,a5,1,-1
11024,14.9000568275,0,a5,1,-1
11025,14.9167232719444,0,a5,1,-1
11026,14.9333900663889,0,a5,1,-1
11027,14.9500567275,0,a5,0,-1
11028,14.9667233302778,0,a5,0,-1
11029,14.9833899997222,0,a5,0,-1
11030,15.0000567330556,0,a5,0,-1
11031,15.0167235191667,0,a5,0,-1
11032,15.0333901663889,0,a5,0,-1
11033,15.0500567386111,0,a5,0,-1
11034,15.0667234608333,0,a5,0,-1
11035,15.0833899441667,0,a5,0,-1
11036,15.1000567163889,0,a5,0,-1
11037,15.1167233525,0,a5,0,-1
11038,15.1333900163889,0,a5,0,-1
11039,15.1500565997222,0,a5,0,-1
11040,15.1667233302778,0,a5,0,-1
11041,15.1833902691667,0,a5,0,-1
11042,15.2000571275,0,a5,0,-1
11043,15.2167237913889,0,a5,0,-1
11044,15.2333905775,0,a5,0,-1
11045,15.2500574219444,0,a5,0,-1
11046,15.2667242275,0,a5,1,-1
11047,15.2833907858333,0,a5,1,-1
11048,15.3000576941667,0,a5,1,-1
11049,15.3167245052778,0,a5,1,-1
11050,15.3333913191667,0,a5,1,-1
11051,15.3500580330556,0,a5,1,-1
11052,15.3667248913889,0,a5,1,-1
11053,15.3833913025,0,a5,1,-1
11054,15.4000581608333,0,a5,1,-1
11055,15.4167248219444,0,a5,1,-1
11056,15.4333913386111,0,a5,1,-1
11057,15.4500585580556,0,a5,1,-1
11058,15.4667252830556,0,a5,0,-1
11059,15.4833920247222,0,a5,0,-1
11060,15.5000588441667,0,a5,0,-1
11061,15.5167256108333,0,a5,0,-1
11062,15.5333922636111,0,a5,0,-1
11063,15.5500588913889,0,a5,0,-1
11064,15.5667255025,0,a5,0,-1
11065,15.5833924275,0,a5,0,-1
11066,15.6000589663889,0,a5,1,-1
11067,15.6167257052778,0,a5,1,-1
11068,15.6333923108333,0,a5,1,-1
11069,15.6500590691667,0,a5,1,-1
11070,15.6667255469444,0,a5,1,-1
11071,15.6833922108333,0,a5,0,-1
11072,15.7000589830556,0,a5,0,-1
11073,15.7167259330556,0,a5,0,-1
11074,15.7333925775,0,a5,0,-1
11075,15.7500593219444,0,a5,0,-1
11076,15.7667260413889,0,a5,0,-1
11077,15.7833930802778,0,a5,0,-1
11078,15.8000599663889,0,a5,0,-1
11079,15.8167263608333,0,a5,0,-1
11080,15.8333932302778,0,a5,0,-1
11081,15.8500596608333,0,a5,0,-1
11082,15.8667266052778,0,a5,0,-1
11083,15.8833938025,0,a5,0,-1
11084,15.9000604969444,0,a5,0,-1
11085,15.9167268747222,0,a5,0,-1
11086,15.9333936525,0,a5,1,-1
11087,15.9500604497222,0,a5,1,-1
11088,15.9667270302778,0,a5,1,-1
11089,15.9833935941667,0,a5,1,-1
11090,16.0000603386111,0,a5,1,-1
11091,16.0167274608333,0,a5,1,-1
11092,16.0333941025,0,a5,1,-1
11093,16.0500605913889,0,a5,1,-1
11094,16.0667271386111,0,a5,1,-1
11095,16.0833939108333,0,a5,1,-1
11096,16.1000604969444,0,a5,1,-1
11097,16.1167271663889,0,a5,1,-1
11098,16.1333940580556,0,a5,1,-1
11099,16.1500606080556,0,a5,1,-1
11100,16.1667273997222,0,a5,1,-1
11101,16.1833938913889,0,a5,1,-1
11102,16.2000606913889,0,a5,1,-1
11103,16.2167272552778,0,a5,1,-1
11104,16.2333941441667,0,a5,1,-1
11105,16.2500609219444,0,a5,1,-1
11106,16.2667276747222,0,a5,1,-1
11107,16.2833943302778,0,a5,1,-1
11108,16.3000610969444,0,a5,1,-1
11109,16.3167279469444,0,a5,1,-1
11110,16.3333946330556,0,a5,1,-1
11111,16.3500610858333,0,a5,1,-1
11112,16.3667276969444,0,a5,1,-1
11113,16.3833944636111,0,a5,1,-1
11114,16.4000611358333,0,a5,1,-1
11115,16.4167277358333,0,a5,1,-1
11116,16.4333943830556,0,a5,1,-1
11117,16.4500612469444,0,a5,1,-1
11118,16.4667278163889,0,a5,1,-1
11119,16.4833947275,0,a5,1,-1
11120,16.5000613913889,0,a5,1,-1
11121,16.5167280886111,0,a5,1,-1
11122,16.5333947330556,0,a5,0,-1
11123,16.5500615108333,0,a5,0,-1
11124,16.5667285108333,0,a5,1,-1
11125,16.5833949969444,0,a5,0,-1
11126,16.6000619719444,0,a5,0,-1
11127,16.6167287608333,0,a5,0,-1
11128,16.6333952969444,0,a5,0,-1
11129,16.6500621413889,0,a5,0,-1
11130,16.6667286163889,0,a5,0,-1
11131,16.6833953691667,0,a5,0,-1
11132,16.7000623219444,0,a5,0,-1
11133,16.7167288497222,0,a5,0,-1
11134,16.7333958108333,0,a5,0,-1
11135,16.7500627330556,0,a5,0,-1
11136,16.7667296358333,0,a5,1,-1
11137,16.7833964775,0,a5,1,-1
11138,16.8000631441667,0,a5,1,-1
11139,16.8167297469444,0,a5,1,-1
11140,16.8333964247222,0,a5,1,-1
11141,16.8500633497222,0,a5,1,-1
11142,16.8667303636111,0,a5,1,-1
11143,16.8833969108333,0,a5,1,-1
11144,16.9000640802778,0,a5,1,-1
11145,16.9167305080556,0,a5,1,-1
11146,16.9333972358333,0,a5,1,-1
11147,16.9500638747222,0,a5,1,-1
11148,16.9667308525,0,a5,1,-1
11149,16.9833978858333,0,a5,1,-1
11150,17.0000646219444,0,a5,1,-1
11151,17.0167311163889,0,a5,1,-1
11152,17.0333978552778,0,a5,1,-1
11153,17.0500646969444,0,a5,1,-1
11154,17.0667313025,0,a5,1,-1
11155,17.0833981525,0,a5,1,-1
11156,17.1000647080556,0,a5,1,-1
11157,17.1167315913889,0,a5,1,-1
11158,17.1333983358333,0,a5,0,-1
11159,17.1500651969444,0,a5,0,-1
11160,17.1667320830556,0,a5,0,-1
11161,17.1833985552778,0,a5,0,-1
11162,17.2000653580556,0,a5,0,-1
11163,17.2167320663889,0,a5,0,-1
11164,17.2333985830556,0,a5,0,-1
11165,17.2500655552778,0,a5,0,-1
11166,17.2667323691667,0,a5,1,-1
11167,17.2833988608333,0,a5,1,-1
11168,17.3000657052778,0,a5,1,-1
11169,17.3167327108333,0,a5,1,-1
11170,17.3333994302778,0,a5,1,-1
11171,17.3500663191667,0,a5,1,-1
11172,17.3667331330556,0,a5,1,-1
11173,17.3833997136111,0,a5,1,-1
11174,17.4000668052778,0,a5,1,-1
11175,17.4167333997222,0,a5,1,-1
11176,17.4334000052778,0,a5,1,-1
11177,17.4500668025,0,a5,1,-1
11178,17.4667334552778,0,a5,1,-1
11179,17.4834001302778,0,a5,1,-1
11180,17.5000668191667,0,a5,1,-1
11181,17.5167333052778,0,a5,1,-1
11182,17.5334001969444,0,a5,1,-1
11183,17.5500669997222,0,a5,1,-1
11184,17.5667340025,0,a5,1,-1
11185,17.5834006636111,0,a5,1,-1
11186,17.6000675080556,0,a5,1,-1
11187,17.6167342580556,0,a5,1,-1
11188,17.6334009469444,0,a5,1,-1
11189,17.6500674775,0,a5,1,-1
11190,17.6667341941667,0,a5,1,-1
11191,17.6834008525,0,a5,1,-1
11192,17.7000679636111,0,a5,1,-1
11193,17.7167349163889,0,a5,1,-1
11194,17.7334015969444,0,a5,1,-1
11195,17.7500685191667,0,a5,1,-1
11196,17.7667351913889,0,a5,1,-1
11197,17.7834018413889,0,a5,1,-1
11198,17.8000683052778,0,a5,1,-1
11199,17.8167351525,0,a5,1,-1
11200,17.8334017108333,0,a5,1,-1
11201,17.8500686636111,0,a5,1,-1
11202,17.8667353108333,0,a5,1,-1
11203,17.8834021358333,0,a5,1,-1
11204,17.9000685386111,0,a5,1,-1
11205,17.9167353136111,0,a5,1,-1
11206,17.9334018747222,0,a5,1,-1
11207,17.9500687136111,0,a5,1,-1
11208,17.9667352941667,0,a5,1,-1
11209,17.9834021136111,0,a5,1,-1
11210,18.0000687941667,0,a5,0,-1
11211,18.0167353358333,0,a5,0,-1
11212,18.0334019636111,0,a5,0,-1
11213,18.0500687608333,0,a5,0,-1
11214,18.0667354136111,0,a5,0,-1
11215,18.0834021580556,0,a5,0,-1
11216,18.1000687969444,0,a5,0,-1
11217,18.1167354747222,0,a5,0,-1
11218,18.1334022302778,0,a5,1,-1
11219,18.1500690886111,0,a5,1,-1
11220,18.1667355386111,0,a5,1,-1
11221,18.1834023886111,0,a5,0,-1
11222,18.2000688302778,0,a5,0,-1
11223,18.2167355719444,0,a5,0,-1
11224,18.2334023469444,0,a5,0,-1
11225,18.2500688747222,0,a5,0,-1
11226,18.2667357663889,0,a5,0,-1
11227,18.2834025025,0,a5,0,-1
11228,18.3000696719444,0,a5,0,-1
11229,18.3167365969444,0,a5,1,-1
11230,18.3334031330556,0,a5,1,-1
11231,18.3500700302778,0,a5,1,-1
11232,18.3667367136111,0,a5,1,-1
11233,18.3834036108333,0,a5,1,-1
11234,18.4000706525,0,a5,1,-1
11235,18.4167372163889,0,a5,1,-1
11236,18.4334038163889,0,a5,1,-1
11237,18.4500706413889,0,a5,1,-1
11238,18.4667372191667,0,a5,1,-1
11239,18.4834039858333,0,a5,1,-1
11240,18.5000704802778,0,a5,1,-1
11241,18.5167373802778,0,a5,1,-1
11242,18.5334039108333,0,a5,1,-1
11243,18.5500705191667,0,a5,1,-1
11244,18.5667376497222,0,a5,1,-1
11245,18.5834043302778,0,a5,1,-1
11246,18.6000712108333,0,a5,1,-1
11247,18.6167378358333,0,a5,1,-1
11248,18.6334044997222,0,a5,1,-1
11249,18.6500712747222,0,a5,1,-1
11250,18.6667379441667,0,a5,1,-1
11251,18.6834044386111,0,a5,1,-1
11252,18.7000712136111,0,a5,1,-1
11253,18.7167379191667,0,a5,1,-1
11254,18.7334043941667,0,a5,1,-1
11255,18.7500712441667,0,a5,1,-1
11256,18.7667377219444,0,a5,1,-1
11257,18.7834045608333,0,a5,1,-1
11258,18.8000712636111,0,a5,1,-1
11259,18.8167380247222,0,a5,1,-1
11260,18.8334048163889,0,a5,0,-1
11261,18.8500714969444,0,a5,0,-1
11262,18.8667380525,0,a5,0,-1
11263,18.8834046858333,0,a5,0,-1
11264,18.9000716275,0,a5,0,-1
11265,18.9167386469444,0,a5,0,-1
11266,18.9334053247222,0,a5,0,-1
11267,18.9500720080556,0,a5,0,-1
11268,18.9667386275,0,a5,0,-1
11269,18.9834054136111,0,a5,0,-1
11270,19.0000719330556,0,a5,0,-1
11271,19.0167387830556,0,a5,1,-1
11272,19.0334053913889,0,a5,1,-1
11273,19.0500721552778,0,a5,1,-1
11274,19.0667388775,0,a5,0,-1
11275,19.0834058191667,0,a5,0,-1
11276,19.1000724941667,0,a5,0,-1
11277,19.1167391636111,0,a5,0,-1
11278,19.1334058719444,0,a5,0,-1
11279,19.1500725691667,0,a5,0,-1
11280,19.1667394469444,0,a5,0,-1
11281,19.1834063830556,0,a5,0,-1
11282,19.2000731525,0,a5,0,-1
11283,19.2167398191667,0,a5,0,-1
11284,19.2334064025,0,a5,0,-1
11285,19.2500730080556,0,a5,0,-1
11286,19.2667398608333,0,a5,0,-1
11287,19.2834066080556,0,a5,0,-1
11288,19.3000734608333,0,a5,0,-1
11289,19.3167402386111,0,a5,0,-1
11290,19.3334073525,0,a5,0,-1
11291,19.3500740913889,0,a5,0,-1
11292,19.3667407663889,0,a5,0,-1
11293,19.3834072719444,0,a5,0,-1
11294,19.4000739663889,0,a5,0,-1
11295,19.4167405163889,0,a5,0,-1
11296,19.4334073802778,0,a5,0,-1
11297,19.4500739136111,0,a5,0,-1
11298,19.4667405108333,0,a5,0,-1
11299,19.4834073302778,0,a5,0,-1
11300,19.5000738997222,0,a5,0,-1
11301,19.5167406025,0,a5,0,-1
11302,19.5334076719444,0,a5,1,-1
11303,19.5500742775,0,a5,1,-1
11304,19.5667408691667,0,a5,1,-1
11305,19.5834074497222,0,a5,0,-1
11306,19.6000743191667,0,a5,0,-1
11307,19.6167410080556,0,a5,0,-1
11308,19.6334075719444,0,a5,0,-1
11309,19.6500744691667,0,a5,0,-1
11310,19.6667415969444,0,a5,0,-1
11311,19.6834081941667,0,a5,0,-1
11312,19.7000747663889,0,a5,0,-1
11313,19.7167413275,0,a5,0,-1
11314,19.7334080858333,0,a5,0,-1
11315,19.7500747552778,0,a5,0,-1
11316,19.7667415552778,0,a5,0,-1
11317,19.7834082802778,0,a5,0,-1
11318,19.8000751691667,0,a5,0,-1
11319,19.8167421386111,0,a5,0,-1
11320,19.8334088025,0,a5,1,-1
11321,19.8500752858333,0,a5,1,-1
11322,19.8667423302778,0,a5,1,-1
11323,19.8834091858333,0,a5,1,-1
11324,19.9000760080556,0,a5,1,-1
11325,19.9167424719444,0,a5,1,-1
11326,19.9334093413889,0,a5,0,-1
11327,19.9500757802778,0,a5,0,-1
11328,19.9667425191667,0,a5,0,-1
11329,19.9834091747222,0,a5,1,-1
11330,1.11667034555556,1,a5,1,1
11331,1.13333688444444,1,a5,1,1
11332,1.15000346222222,1,a5,1,1
11333,1.16667013222222,1,a5,1,1
11334,1.18333683666667,1,a5,1,1
11335,1.20000351305556,1,a5,1,1
11336,1.21667015861111,1,a5,1,1
11337,1.23333676472222,1,a5,1,1
11338,1.25000392138889,1,a5,1,1
11339,1.26667040194444,1,a5,1,1
11340,1.28333726111111,1,a5,1,1
11341,1.30000384666667,1,a5,1,1
11342,1.31667040138889,1,a5,1,1
11343,1.33333752861111,1,a5,1,1
11344,1.3500041175,1,a5,1,1
11345,1.366670805,1,a5,1,1
11346,1.38333746555556,1,a5,1,1
11347,1.40000417083333,1,a5,1,1
11348,1.41667083055556,1,a5,1,1
11349,1.43333759638889,1,a5,1,1
11350,1.45000475138889,1,a5,1,1
11351,1.46667167388889,1,a5,1,1
11352,1.48333824444444,1,a5,1,1
11353,1.50000506416667,1,a5,1,1
11354,1.51667163694444,1,a5,1,1
11355,1.53333832388889,1,a5,1,1
11356,1.55000484388889,1,a5,1,1
11357,1.56667161083333,1,a5,1,1
11358,1.58333840166667,1,a5,1,1
11359,1.60000485333333,1,a5,1,1
11360,1.61667166027778,1,a5,1,1
11361,1.63333828555556,1,a5,1,1
11362,1.65000496666667,1,a5,1,1
11363,1.66667166222222,1,a5,1,1
11364,1.68333837277778,1,a5,1,1
11365,1.70000481194444,1,a5,1,1
11366,1.71667185111111,1,a5,1,1
11367,1.73333852972222,1,a5,1,1
11368,1.75000546805556,1,a5,1,1
11369,1.76667229555556,1,a5,1,1
11370,1.78333889388889,1,a5,1,1
11371,1.80000561722222,1,a5,1,1
11372,1.81667221194444,1,a5,1,1
11373,1.8333388475,1,a5,1,1
11374,1.85000548527778,1,a5,1,1
11375,1.86667227166667,1,a5,1,1
11376,1.88333885027778,1,a5,1,1
11377,1.90000558527778,1,a5,1,1
11378,1.91667218416667,1,a5,1,1
11379,1.93333891083333,1,a5,1,1
11380,1.95000537805556,1,a5,1,1
11381,1.96667248083333,1,a5,1,1
11382,1.98333925777778,1,a5,1,1
11383,2.00000606611111,1,a5,1,1
11384,2.01667306388889,1,a5,1,1
11385,2.03333978083333,1,a5,1,1
11386,2.05000632888889,1,a5,1,1
11387,2.06667297944444,1,a5,1,1
11388,2.08333964972222,1,a5,1,1
11389,2.10000644166667,1,a5,1,1
11390,2.11667328277778,1,a5,1,1
11391,2.13333990555556,1,a5,1,1
11392,2.150006645,1,a5,1,1
11393,2.16667313083333,1,a5,1,1
11394,2.18333986194444,1,a5,1,1
11395,2.20000668138889,1,a5,1,1
11396,2.21667322555556,1,a5,1,1
11397,2.23334016083333,1,a5,1,1
11398,2.25000678583333,1,a5,1,1
11399,2.2666738725,1,a5,1,1
11400,2.28334045666667,1,a5,1,1
11401,2.30000710833333,1,a5,1,1
11402,2.3166739575,1,a5,1,1
11403,2.33334081138889,1,a5,1,1
11404,2.35000750861111,1,a5,1,1
11405,2.36667406333333,1,a5,1,1
11406,2.383341165,1,a5,1,1
11407,2.40000772,1,a5,1,1
11408,2.41667424611111,1,a5,1,1
11409,2.43334093333333,1,a5,1,1
11410,2.45000776916667,1,a5,1,1
11411,2.46667438333333,1,a5,1,1
11412,2.48334140777778,1,a5,1,1
11413,2.50000835194444,1,a5,1,1
11414,2.51667510222222,1,a5,1,1
11415,2.533341915,1,a5,1,1
11416,2.55000865,1,a5,1,1
11417,2.56667535194444,1,a5,1,1
11418,2.58334256305556,1,a5,1,1
11419,2.60000910194444,1,a5,1,1
11420,2.61667613805556,1,a5,1,1
11421,2.63334270472222,1,a5,1,1
11422,2.65000946583333,1,a5,1,1
11423,2.6666763825,1,a5,1,1
11424,2.68334295194444,1,a5,1,1
11425,2.70000965472222,1,a5,1,1
11426,2.71667627416667,1,a5,1,1
11427,2.73334291305556,1,a5,1,1
11428,2.75000990194444,1,a5,1,1
11429,2.76667655472222,1,a5,1,1
11430,2.78334357694444,1,a5,1,1
11431,2.80001054916667,1,a5,1,1
11432,2.8166772075,1,a5,1,1
11433,2.83334376027778,1,a5,1,1
11434,2.8500108575,1,a5,1,1
11435,2.86667752972222,1,a5,1,1
11436,2.8833441325,1,a5,1,1
11437,2.90001090472222,1,a5,1,1
11438,2.91667747138889,1,a5,1,1
11439,2.93334439361111,1,a5,1,1
11440,2.95001091305556,1,a5,1,1
11441,2.96667759916667,1,a5,1,1
11442,2.98334474638889,1,a5,1,1
11443,3.00001149638889,1,a5,1,1
11444,3.01667857416667,1,a5,1,1
11445,3.03334557416667,1,a5,1,1
11446,3.05001258527778,1,a5,1,1
11447,3.06667897972222,1,a5,1,1
11448,3.08334576027778,1,a5,1,1
11449,3.10001252138889,1,a5,1,1
11450,3.11667904083333,1,a5,1,1
11451,3.13334592972222,1,a5,1,1
11452,3.15001256861111,1,a5,1,1
11453,3.16667906583333,1,a5,1,1
11454,3.18334613527778,1,a5,1,1
11455,3.20001274638889,1,a5,1,1
11456,3.21667941305556,1,a5,1,1
11457,3.23334617416667,1,a5,1,1
11458,3.25001280194444,1,a5,1,1
11459,3.26667946027778,1,a5,1,1
11460,3.28334636027778,1,a5,1,1
11461,3.30001317694444,1,a5,1,1
11462,3.31667993527778,1,a5,1,1
11463,3.33334701583333,1,a5,1,1
11464,3.35001348527778,1,a5,1,1
11465,3.36668026305556,1,a5,1,1
11466,3.3833468825,1,a5,1,1
11467,3.40001364916667,1,a5,1,1
11468,3.41668023527778,1,a5,1,1
11469,3.43334677138889,1,a5,1,1
11470,3.45001355194444,1,a5,1,1
11471,3.46668016027778,1,a5,1,1
11472,3.48334715194444,1,a5,1,1
11473,3.50001402694444,1,a5,1,1
11474,3.51668066027778,1,a5,1,1
11475,3.53334744638889,1,a5,1,1
11476,3.55001399083333,1,a5,1,1
11477,3.56668110194444,1,a5,1,1
11478,3.58334762416667,1,a5,1,1
11479,3.60001451583333,1,a5,1,1
11480,3.61668104361111,1,a5,1,1
11481,3.63334766861111,1,a5,1,1
11482,3.65001431027778,1,a5,1,1
11483,3.66668145472222,1,a5,1,1
11484,3.68334824916667,1,a5,1,1
11485,3.70001485472222,1,a5,1,1
11486,3.71668171583333,1,a5,1,1
11487,3.73334871583333,1,a5,1,1
11488,3.75001507972222,1,a5,1,1
11489,3.76668226027778,1,a5,1,1
11490,3.78334891027778,1,a5,1,1
11491,3.80001542972222,1,a5,1,1
11492,3.81668214638889,1,a5,1,1
11493,3.83334884916667,1,a5,1,1
11494,3.85001561583333,1,a5,1,1
11495,3.86668224638889,1,a5,1,1
11496,3.88334892972222,1,a5,1,1
11497,3.90001545194444,1,a5,1,1
11498,3.91668227694444,1,a5,1,1
11499,3.93334892694444,1,a5,1,1
11500,3.95001540194444,1,a5,1,1
11501,3.96668246305556,1,a5,1,1
11502,3.98334936027778,1,a5,1,1
11503,4.00001596583333,1,a5,1,1
11504,4.0166830825,1,a5,1,1
11505,4.03335007138889,1,a5,1,1
11506,4.05001662416667,1,a5,1,1
11507,4.06668317694445,1,a5,1,1
11508,4.08335002138889,1,a5,1,1
11509,4.1000165075,1,a5,1,1
11510,4.11668336027778,1,a5,1,1
11511,4.13335007972222,1,a5,1,1
11512,4.15001687972222,1,a5,1,1
11513,4.16668352694444,1,a5,1,1
11514,4.18335010472222,1,a5,1,1
11515,4.20001691583333,1,a5,1,1
11516,4.21668347972222,1,a5,1,1
11517,4.23335030194445,1,a5,1,1
11518,4.25001696861111,1,a5,1,1
11519,4.26668359638889,1,a5,1,1
11520,4.28335029916667,1,a5,1,1
11521,4.30001695194445,1,a5,1,1
11522,4.31668347972222,1,a5,1,1
11523,4.33335025472222,1,a5,1,1
11524,4.35001692416667,1,a5,1,1
11525,4.36668346583333,1,a5,1,1
11526,4.38335032694444,1,a5,1,1
11527,4.40001724638889,1,a5,1,1
11528,4.41668371583333,1,a5,1,1
11529,4.43335038805556,1,a5,1,1
11530,4.4500172325,1,a5,1,1
11531,4.46668381861111,1,a5,1,1
11532,4.48335057416667,1,a5,1,1
11533,4.50001711583333,1,a5,1,1
11534,4.51668380472222,1,a5,1,1
11535,4.53335042972222,1,a5,1,1
11536,4.55001713527778,1,a5,1,1
11537,4.56668381861111,1,a5,1,1
11538,4.5833504075,1,a5,1,1
11539,4.6000172325,1,a5,1,1
11540,4.6166838825,1,a5,1,1
11541,4.6333504825,1,a5,1,1
11542,4.65001752416667,1,a5,1,1
11543,4.66668446861111,1,a5,1,1
11544,4.68335116583333,1,a5,1,1
11545,4.7000177575,1,a5,1,1
11546,4.71668434361111,1,a5,1,1
11547,4.73335111305556,1,a5,1,1
11548,4.75001807416667,1,a5,1,1
11549,4.76668457416667,1,a5,1,1
11550,4.78335167138889,1,a5,1,1
11551,4.80001826305556,1,a5,1,1
11552,4.8166850825,1,a5,1,1
11553,4.8333519075,1,a5,1,1
11554,4.85001868527778,1,a5,1,1
11555,4.86668558805556,1,a5,1,1
11556,4.88335212694444,1,a5,1,1
11557,4.90001879083333,1,a5,1,1
11558,4.91668551583333,1,a5,1,1
11559,4.93335222972222,1,a5,1,1
11560,4.95001878805556,1,a5,1,1
11561,4.96668554638889,1,a5,1,1
11562,4.98335249083333,1,a5,1,1
11563,5.00001944638889,1,a5,1,1
11564,5.01668621583333,1,a5,1,1
11565,5.03335304916667,1,a5,1,1
11566,5.05002007972222,1,a5,1,1
11567,5.06668674361111,1,a5,1,1
11568,5.08335321583333,1,a5,1,1
11569,5.10002000472222,1,a5,1,1
11570,5.1166867075,1,a5,1,1
11571,5.13335357416667,1,a5,1,1
11572,5.1500202575,1,a5,1,1
11573,5.16668678527778,1,a5,1,1
11574,5.18335364638889,1,a5,1,1
11575,5.20002020472222,1,a5,1,1
11576,5.2166869075,1,a5,1,1
11577,5.23335364083333,1,a5,1,1
11578,5.2500205575,1,a5,1,1
11579,5.26668712972222,1,a5,1,1
11580,5.28335418805556,1,a5,1,1
11581,5.30002073527778,1,a5,1,1
11582,5.31668752972222,1,a5,1,1
11583,5.3333541825,1,a5,1,1
11584,5.35002079638889,1,a5,1,1
11585,5.36668741027778,1,a5,1,1
11586,5.38335408805556,1,a5,1,1
11587,5.40002088805556,1,a5,1,1
11588,5.4166874825,1,a5,1,1
11589,5.43335417416667,1,a5,1,1
11590,5.45002069638889,1,a5,1,1
11591,5.46668746305556,1,a5,1,1
11592,5.48335419638889,1,a5,1,1
11593,5.50002071861111,1,a5,1,1
11594,5.51668780472222,1,a5,1,1
11595,5.53335450194445,1,a5,1,1
11596,5.55002132138889,1,a5,1,1
11597,5.56668801305556,1,a5,1,1
11598,5.58335483527778,1,a5,1,1
11599,5.60002133527778,1,a5,1,1
11600,5.61668809638889,1,a5,1,1
11601,5.63335459083333,1,a5,1,1
11602,5.65002135472222,1,a5,1,1
11603,5.66668804083333,1,a5,1,1
11604,5.6833550825,1,a5,1,1
11605,5.70002163805556,1,a5,1,1
11606,5.7166882825,1,a5,1,1
11607,5.73335497416667,1,a5,1,1
11608,5.75002173805556,1,a5,1,1
11609,5.76668832138889,1,a5,1,1
11610,5.78335535472222,1,a5,1,1
11611,5.80002201583333,1,a5,1,1
11612,5.81668856027778,1,a5,1,1
11613,5.83335528805556,1,a5,1,1
11614,5.85002219083333,1,a5,1,1
11615,5.86668883805556,1,a5,1,1
11616,5.88335544916667,1,a5,1,1
11617,5.90002216861111,1,a5,1,1
11618,5.91668884083333,1,a5,1,1
11619,5.93335557694444,1,a5,1,1
11620,5.95002230194444,1,a5,1,1
11621,5.96668884083333,1,a5,1,1
11622,5.98335583527778,1,a5,1,1
11623,6.00002257694444,1,a5,1,1
11624,6.0166894325,1,a5,1,1
11625,6.03335639361111,1,a5,1,1
11626,6.05002292138889,1,a5,1,1
11627,6.06668958527778,1,a5,1,1
11628,6.08335676305556,1,a5,1,1
11629,6.1000233825,1,a5,1,1
11630,6.11668994638889,1,a5,1,1
11631,6.13335677972222,1,a5,1,1
11632,6.15002351027778,1,a5,1,1
11633,6.16669029916667,1,a5,1,1
11634,6.18335691583333,1,a5,1,1
11635,6.20002359361111,1,a5,1,1
11636,6.21669032694444,1,a5,1,1
11637,6.2333567825,1,a5,1,1
11638,6.25002381027778,1,a5,1,1
11639,6.26669049916667,1,a5,1,1
11640,6.28335750472222,1,a5,1,1
11641,6.30002402972222,1,a5,1,1
11642,6.31669081027778,1,a5,1,1
11643,6.33335745194444,1,a5,1,1
11644,6.35002408805556,1,a5,1,1
11645,6.36669082694445,1,a5,1,1
11646,6.38335731861111,1,a5,1,1
11647,6.40002397972222,1,a5,1,1
11648,6.41669088527778,1,a5,1,1
11649,6.43335739083333,1,a5,1,1
11650,6.4500242825,1,a5,1,1
11651,6.4666907825,1,a5,1,1
11652,6.48335770194444,1,a5,1,1
11653,6.5000246575,1,a5,1,1
11654,6.51669156861111,1,a5,1,1
11655,6.53335828805556,1,a5,1,1
11656,6.55002492416667,1,a5,1,1
11657,6.5666915575,1,a5,1,1
11658,6.58335835472222,1,a5,1,1
11659,6.60002499361111,1,a5,1,1
11660,6.61669175472222,1,a5,1,1
11661,6.63335832972222,1,a5,1,1
11662,6.65002529083333,1,a5,1,1
11663,6.6666919575,1,a5,1,1
11664,6.68335852416667,1,a5,1,1
11665,6.70002531583333,1,a5,1,1
11666,6.71669187416667,1,a5,1,1
11667,6.73335857138889,1,a5,1,1
11668,6.75002521861111,1,a5,1,1
11669,6.76669216027778,1,a5,1,1
11670,6.78335874916667,1,a5,1,1
11671,6.80002552416667,1,a5,1,1
11672,6.81669217138889,1,a5,1,1
11673,6.83335911027778,1,a5,1,1
11674,6.85002582694444,1,a5,1,1
11675,6.86669252138889,1,a5,1,1
11676,6.88335924083333,1,a5,1,1
11677,6.90002620472222,1,a5,1,1
11678,6.9166927825,1,a5,1,1
11679,6.9333593075,1,a5,1,1
11680,6.95002629638889,1,a5,1,1
11681,6.96669311861111,1,a5,1,1
11682,6.98335962416667,1,a5,1,1
11683,7.00002644638889,1,a5,1,1
11684,7.01669291583333,1,a5,1,1
11685,7.03335971861111,1,a5,1,1
11686,7.05002642138889,1,a5,1,1
11687,7.06669310194444,1,a5,1,1
11688,7.08335967416667,1,a5,1,1
11689,7.10002626305556,1,a5,1,1
11690,7.11669306305556,1,a5,1,1
11691,7.13335999916667,1,a5,1,1
11692,7.15002662416667,1,a5,1,1
11693,7.16669352138889,1,a5,1,1
11694,7.18336016305556,1,a5,1,1
11695,7.20002684916667,1,a5,1,1
11696,7.21669362416667,1,a5,1,1
11697,7.23336049083333,1,a5,1,1
11698,7.25002743805556,1,a5,1,1
11699,7.26669450472222,1,a5,1,1
11700,7.28336092694444,1,a5,1,1
11701,7.30002783527778,1,a5,1,1
11702,7.31669429083333,1,a5,1,1
11703,7.33336107694444,1,a5,1,1
11704,7.35002759638889,1,a5,1,1
11705,7.36669431583333,1,a5,1,1
11706,7.38336110472222,1,a5,1,1
11707,7.40002764638889,1,a5,1,1
11708,7.41669440472222,1,a5,1,1
11709,7.43336142416667,1,a5,1,1
11710,7.45002792972222,1,a5,1,1
11711,7.46669487972222,1,a5,1,1
11712,7.48336150472222,1,a5,1,1
11713,7.50002820472222,1,a5,1,1
11714,7.51669489361111,1,a5,1,1
11715,7.53336151861111,1,a5,1,1
11716,7.55002829638889,1,a5,1,1
11717,7.5666949075,1,a5,1,1
11718,7.58336164916667,1,a5,1,1
11719,7.60002817694444,1,a5,1,1
11720,7.61669531583333,1,a5,1,1
11721,7.63336179916667,1,a5,1,1
11722,7.6500288825,1,a5,1,1
11723,7.66669546027778,1,a5,1,1
11724,7.6833621825,1,a5,1,1
11725,7.7000289575,1,a5,1,1
11726,7.7166955075,1,a5,1,1
11727,7.73336226861111,1,a5,1,1
11728,7.75002884638889,1,a5,1,1
11729,7.7666955075,1,a5,1,1
11730,7.78336221583333,1,a5,1,1
11731,7.80002869083333,1,a5,1,1
11732,7.81669536861111,1,a5,1,1
11733,7.83336229083333,1,a5,1,1
11734,7.85002884361111,1,a5,1,1
11735,7.86669579361111,1,a5,1,1
11736,7.88336246583333,1,a5,1,1
11737,7.90002924361111,1,a5,1,1
11738,7.91669572138889,1,a5,1,1
11739,7.93336252694445,1,a5,1,1
11740,7.95002922972222,1,a5,1,1
11741,7.96669588805555,1,a5,1,1
11742,7.98336249083333,1,a5,1,1
11743,8.00002902138889,1,a5,1,1
11744,8.01669592694444,1,a5,1,1
11745,8.03336244638889,1,a5,1,1
11746,8.0500292075,1,a5,1,1
11747,8.06669612694444,1,a5,1,1
11748,8.08336271305556,1,a5,1,1
11749,8.10002939361111,1,a5,1,1
11750,8.11669641027778,1,a5,1,1
11751,8.13336309361111,1,a5,1,1
11752,8.15003004083333,1,a5,1,1
11753,8.16669676027778,1,a5,1,1
11754,8.18336323805556,1,a5,1,1
11755,8.20002979638889,1,a5,1,1
11756,8.21669663527778,1,a5,1,1
11757,8.23336316583333,1,a5,1,1
11758,8.25002993527778,1,a5,1,1
11759,8.26669656583333,1,a5,1,1
11760,8.28336326305556,1,a5,1,1
11761,8.30003003805555,1,a5,1,1
11762,8.31669650472222,1,a5,1,1
11763,8.33336341027778,1,a5,1,1
11764,8.35003019638889,1,a5,1,1
11765,8.36669722694444,1,a5,1,1
11766,8.38336419361111,1,a5,1,1
11767,8.40003068805555,1,a5,1,1
11768,8.41669745194444,1,a5,1,1
11769,8.43336397972222,1,a5,1,1
11770,8.45003079083333,1,a5,1,1
11771,8.46669747138889,1,a5,1,1
11772,8.48336436027778,1,a5,1,1
11773,8.50003092416667,1,a5,1,1
11774,8.51669781027778,1,a5,1,1
11775,8.53336424916667,1,a5,1,1
11776,8.55003106305555,1,a5,1,1
11777,8.56669762416667,1,a5,1,1
11778,8.58336436583333,1,a5,1,1
11779,8.60003147416667,1,a5,1,1
11780,8.61669795472222,1,a5,1,1
11781,8.63336474916667,1,a5,1,1
11782,8.65003121305556,1,a5,1,1
11783,8.6666981325,1,a5,1,1
11784,8.68336464083333,1,a5,1,1
11785,8.70003163805556,1,a5,1,1
11786,8.71669834638889,1,a5,1,1
11787,8.73336491027778,1,a5,1,1
11788,8.75003201305556,1,a5,1,1
11789,8.7666985825,1,a5,1,1
11790,8.78336528805555,1,a5,1,1
11791,8.80003192138889,1,a5,1,1
11792,8.81669842416667,1,a5,1,1
11793,8.83336553527778,1,a5,1,1
11794,8.85003223527778,1,a5,1,1
11795,8.86669884083333,1,a5,1,1
11796,8.88336558527778,1,a5,1,1
11797,8.90003204083333,1,a5,1,1
11798,8.91669894361111,1,a5,1,1
11799,8.93336575194444,1,a5,1,1
11800,8.95003240472222,1,a5,1,1
11801,8.96669949916667,1,a5,1,1
11802,8.98336616583333,1,a5,1,1
11803,9.00003277138889,1,a5,1,1
11804,9.01669973805556,1,a5,1,1
11805,9.03336634638889,1,a5,1,1
11806,9.0500333325,1,a5,1,1
11807,9.06670006027778,1,a5,1,1
11808,9.0833666575,1,a5,1,1
11809,9.10003331861111,1,a5,1,1
11810,9.11669989916667,1,a5,1,1
11811,9.13336673527778,1,a5,1,1
11812,9.15003361027778,1,a5,1,1
11813,9.16670034361111,1,a5,1,1
11814,9.18336732138889,1,a5,1,1
11815,9.20003380194444,1,a5,1,1
11816,9.21670050194444,1,a5,1,1
11817,9.23336758527778,1,a5,1,1
11818,9.25003414083333,1,a5,1,1
11819,9.26670092694444,1,a5,1,1
11820,9.28336797972222,1,a5,1,1
11821,9.30003470472222,1,a5,1,1
11822,9.31670137138889,1,a5,1,1
11823,9.33336789083333,1,a5,1,1
11824,9.35003472416667,1,a5,1,1
11825,9.36670134638889,1,a5,1,1
11826,9.38336793527778,1,a5,1,1
11827,9.40003457972222,1,a5,1,1
11828,9.4167017575,1,a5,1,1
11829,9.43336821027778,1,a5,1,1
11830,9.4500350075,1,a5,1,1
11831,9.46670151861111,1,a5,1,1
11832,9.48336853527778,1,a5,1,1
11833,9.50003532694444,1,a5,1,1
11834,9.51670197416667,1,a5,1,1
11835,9.53336874083333,1,a5,1,1
11836,9.55003546305555,1,a5,1,1
11837,9.5667021325,1,a5,1,1
11838,9.58336876305555,1,a5,1,1
11839,9.60003590194444,1,a5,1,1
11840,9.61670255472222,1,a5,1,1
11841,9.6333693575,1,a5,1,1
11842,9.6500359325,1,a5,1,1
11843,9.66670302694444,1,a5,1,1
11844,9.68336966305555,1,a5,1,1
11845,9.70003646583333,1,a5,1,1
11846,9.71670344083333,1,a5,1,1
11847,9.73337005194444,1,a5,1,1
11848,9.75003654638889,1,a5,1,1
11849,9.76670322972222,1,a5,1,1
11850,9.78336982972222,1,a5,1,1
11851,9.80003649638889,1,a5,1,1
11852,9.8167034075,1,a5,1,1
11853,9.83337030472222,1,a5,1,1
11854,9.85003690472222,1,a5,1,1
11855,9.8667036575,1,a5,1,1
11856,9.88337017694444,1,a5,1,1
11857,9.90003697972222,1,a5,1,1
11858,9.91670354083333,1,a5,1,1
11859,9.93337022416667,1,a5,1,1
11860,9.95003727138889,1,a5,1,1
11861,9.9667037325,1,a5,1,1
11862,9.98337047694445,1,a5,1,1
11863,10.0000372491667,1,a5,1,1
11864,10.0167037130556,1,a5,1,1
11865,10.0333705102778,1,a5,1,1
11866,10.0500371075,1,a5,1,1
11867,10.0667037936111,1,a5,1,1
11868,10.0833704491667,1,a5,1,1
11869,10.1000371658333,1,a5,1,1
11870,10.1167038686111,1,a5,1,1
11871,10.1333705380556,1,a5,1,1
11872,10.1500370408333,1,a5,1,1
11873,10.1667041630556,1,a5,1,1
11874,10.1833708186111,1,a5,1,1
11875,10.2000373352778,1,a5,1,1
11876,10.2167043963889,1,a5,1,1
11877,10.2333713325,1,a5,1,1
11878,10.2500381491667,1,a5,1,1
11879,10.2667047019444,1,a5,1,1
11880,10.2833713019444,1,a5,1,1
11881,10.3000378908333,1,a5,1,1
11882,10.3167047325,1,a5,1,1
11883,10.3333715325,1,a5,1,1
11884,10.3500381436111,1,a5,1,1
11885,10.3667048908333,1,a5,1,1
11886,10.3833715797222,1,a5,1,1
11887,10.4000383741667,1,a5,1,1
11888,10.4167053463889,1,a5,1,1
11889,10.4333722325,1,a5,1,1
11890,10.4500389158333,1,a5,1,1
11891,10.4667054519444,1,a5,1,1
11892,10.4833722130556,1,a5,1,1
11893,10.5000389991667,1,a5,1,1
11894,10.5167056686111,1,a5,1,1
11895,10.5333723269444,1,a5,1,1
11896,10.5500392102778,1,a5,1,1
11897,10.5667061797222,1,a5,1,1
11898,10.5833728408333,1,a5,1,1
11899,10.6000395602778,1,a5,1,1
11900,10.6167063602778,1,a5,1,1
11901,10.6333729186111,1,a5,1,1
11902,10.6500396963889,1,a5,1,1
11903,10.6667064047222,1,a5,1,1
11904,10.6833732047222,1,a5,1,1
11905,10.7000398463889,1,a5,1,1
11906,10.7167070852778,1,a5,1,1
11907,10.7333735658333,1,a5,1,1
11908,10.7500402797222,1,a5,1,1
11909,10.7667068769444,1,a5,1,1
11910,10.7833738519444,1,a5,1,1
11911,10.8000404741667,1,a5,1,1
11912,10.8167075575,1,a5,1,1
11913,10.8333741408333,1,a5,1,1
11914,10.8500407491667,1,a5,1,1
11915,10.8667074908333,1,a5,1,1
11916,10.8833740047222,1,a5,1,1
11917,10.9000407825,1,a5,1,1
11918,10.9167074325,1,a5,1,1
11919,10.9333742380556,1,a5,1,1
11920,10.9500407019444,1,a5,1,1
11921,10.9667073408333,1,a5,1,1
11922,10.9833739825,1,a5,1,1
11923,11.0000407658333,1,a5,1,1
11924,11.0167074075,1,a5,1,1
11925,11.0333741713889,1,a5,1,1
11926,11.0500407630556,1,a5,1,1
11927,11.0667075658333,1,a5,1,1
11928,11.0833739825,1,a5,1,1
11929,11.1000408741667,1,a5,1,1
11930,11.1167073491667,1,a5,1,1
11931,11.1333741325,1,a5,1,1
11932,11.1500408102778,1,a5,1,1
11933,11.1667073658333,1,a5,1,1
11934,11.1833741380556,1,a5,1,1
11935,11.2000408491667,1,a5,1,1
11936,11.2167075130556,1,a5,1,1
11937,11.2333740852778,1,a5,1,1
11938,11.2500406852778,1,a5,1,1
11939,11.2667076575,1,a5,1,1
11940,11.2833743241667,1,a5,1,1
11941,11.3000411047222,1,a5,1,1
11942,11.3167080880556,1,a5,1,1
11943,11.3333745991667,1,a5,1,1
11944,11.3500413741667,1,a5,1,1
11945,11.3667080713889,1,a5,1,1
11946,11.3833747852778,1,a5,1,1
11947,11.4000412575,1,a5,1,1
11948,11.4167079019444,1,a5,1,1
11949,11.4333746186111,1,a5,1,1
11950,11.4500416769444,1,a5,1,1
11951,11.4667086991667,1,a5,1,1
11952,11.4833751575,1,a5,1,1
11953,11.5000419408333,1,a5,1,1
11954,11.5167085963889,1,a5,1,1
11955,11.5333753408333,1,a5,1,1
11956,11.5500417936111,1,a5,1,1
11957,11.5667088713889,1,a5,1,1
11958,11.5833753741667,1,a5,1,1
11959,11.6000420991667,1,a5,1,1
11960,11.6167088602778,1,a5,1,1
11961,11.6333754019444,1,a5,1,1
11962,11.6500422186111,1,a5,1,1
11963,11.6667087158333,1,a5,1,1
11964,11.6833757241667,1,a5,1,1
11965,11.7000428547222,1,a5,1,1
11966,11.7167093325,1,a5,1,1
11967,11.7333759963889,1,a5,1,1
11968,11.7500426630556,1,a5,1,1
11969,11.7667097963889,1,a5,1,1
11970,11.7833764491667,1,a5,1,1
11971,11.8000431658333,1,a5,1,1
11972,11.8167097491667,1,a5,1,1
11973,11.8333763158333,1,a5,1,1
11974,11.8500434102778,1,a5,1,1
11975,11.8667099158333,1,a5,1,1
11976,11.8833767325,1,a5,1,1
11977,11.9000432547222,1,a5,1,1
11978,11.9167103380556,1,a5,1,1
11979,11.9333770186111,1,a5,1,1
11980,11.9500434352778,1,a5,1,1
11981,11.9667102908333,1,a5,1,1
11982,11.9833768019444,1,a5,1,1
11983,12.0000436575,1,a5,1,1
11984,12.0167105852778,1,a5,1,1
11985,12.0333775352778,1,a5,1,1
11986,12.0500440852778,1,a5,1,1
11987,12.0667106658333,1,a5,1,1
11988,12.0833774936111,1,a5,1,1
11989,12.1000442575,1,a5,1,1
11990,12.1167107713889,1,a5,1,1
11991,12.1333773213889,1,a5,1,1
11992,12.1500440963889,1,a5,1,1
11993,12.1667108686111,1,a5,1,1
11994,12.1833775769444,1,a5,1,1
11995,12.2000442186111,1,a5,1,1
11996,12.2167107963889,1,a5,1,1
11997,12.2333777658333,1,a5,1,1
11998,12.2500443352778,1,a5,1,1
11999,12.2667111213889,1,a5,1,1
12000,12.2833778075,1,a5,1,1
12001,12.3000444019444,1,a5,1,1
12002,12.3167110547222,1,a5,1,1
12003,12.3333777491667,1,a5,1,1
12004,12.3500442880556,1,a5,1,1
12005,12.3667110241667,1,a5,1,1
12006,12.3833776658333,1,a5,1,1
12007,12.4000444769444,1,a5,1,1
12008,12.4167109547222,1,a5,1,1
12009,12.4333777963889,1,a5,1,1
12010,12.4500443297222,1,a5,1,1
12011,12.4667109547222,1,a5,1,1
12012,12.4833778991667,1,a5,1,1
12013,12.5000446547222,1,a5,1,1
12014,12.5167114519444,1,a5,1,1
12015,12.5333781325,1,a5,1,1
12016,12.5500445519444,1,a5,1,1
12017,12.5667113963889,1,a5,1,1
12018,12.5833779991667,1,a5,1,1
12019,12.6000449241667,1,a5,1,1
12020,12.6167116047222,1,a5,1,1
12021,12.6333783741667,1,a5,1,1
12022,12.6500452436111,1,a5,1,1
12023,12.6667120213889,1,a5,1,1
12024,12.6833784158333,1,a5,1,1
12025,12.7000451630556,1,a5,1,1
12026,12.7167118158333,1,a5,1,1
12027,12.7333785991667,1,a5,1,1
12028,12.7500452130556,1,a5,1,1
12029,12.7667118991667,1,a5,1,1
12030,12.7833785797222,1,a5,1,1
12031,12.8000451130556,1,a5,1,1
12032,12.8167119575,1,a5,1,1
12033,12.8333785686111,1,a5,1,1
12034,12.8500452575,1,a5,1,1
12035,12.8667119241667,1,a5,1,1
12036,12.8833789797222,1,a5,1,1
12037,12.9000455297222,1,a5,1,1
12038,12.9167120491667,1,a5,1,1
12039,12.9333787491667,1,a5,1,1
12040,12.9500458936111,1,a5,1,1
12041,12.9667123463889,1,a5,1,1
12042,12.9833790075,1,a5,1,1
12043,13.0000459547222,1,a5,1,1
12044,13.0167126686111,1,a5,1,1
12045,13.0333792713889,1,a5,1,1
12046,13.0500464547222,1,a5,1,1
12047,13.0667131352778,1,a5,1,1
12048,13.0833797936111,1,a5,1,1
12049,13.1000466908333,1,a5,1,1
12050,13.1167135380556,1,a5,1,1
12051,13.1333801436111,1,a5,1,1
12052,13.1500467769444,1,a5,1,1
12053,13.1667135102778,1,a5,1,1
12054,13.1833800963889,1,a5,1,1
12055,13.2000469102778,1,a5,1,1
12056,13.2167134880556,1,a5,1,1
12057,13.2333802991667,1,a5,1,1
12058,13.2500469408333,1,a5,1,1
12059,13.2667135019444,1,a5,1,1
12060,13.2833803491667,1,a5,1,1
12061,13.3000471936111,1,a5,1,1
12062,13.3167141075,1,a5,1,1
12063,13.3333808408333,1,a5,1,1
12064,13.3500478075,1,a5,1,1
12065,13.3667147491667,1,a5,1,1
12066,13.3833812797222,1,a5,1,1
12067,13.4000480519444,1,a5,1,1
12068,13.4167146547222,1,a5,1,1
12069,13.4333814658333,1,a5,1,1
12070,13.4500481158333,1,a5,1,1
12071,13.4667145963889,1,a5,1,1
12072,13.4833813519444,1,a5,1,1
12073,13.5000479630556,1,a5,1,1
12074,13.5167148158333,1,a5,1,1
12075,13.5333812158333,1,a5,1,1
12076,13.5500479019444,1,a5,1,1
12077,13.5667147463889,1,a5,1,1
12078,13.5833815491667,1,a5,1,1
12079,13.6000481880556,1,a5,1,1
12080,13.6167150602778,1,a5,1,1
12081,13.6333817130556,1,a5,1,1
12082,13.6500482519444,1,a5,1,1
12083,13.6667150908333,1,a5,1,1
12084,13.6833814936111,1,a5,1,1
12085,13.7000482575,1,a5,1,1
12086,13.7167150075,1,a5,1,1
12087,13.7333815575,1,a5,1,1
12088,13.7500481741667,1,a5,1,1
12089,13.7667148602778,1,a5,1,1
12090,13.7833815297222,1,a5,1,1
12091,13.8000482991667,1,a5,1,1
12092,13.8167148463889,1,a5,1,1
12093,13.8333816825,1,a5,1,1
12094,13.8500484325,1,a5,1,1
12095,13.8667151408333,1,a5,1,1
12096,13.8833819491667,1,a5,1,1
12097,13.9000485769444,1,a5,1,1
12098,13.9167153047222,1,a5,1,1
12099,13.9333820213889,1,a5,1,1
12100,13.9500485686111,1,a5,1,1
12101,13.9667150908333,1,a5,1,1
12102,13.9833819380556,1,a5,1,1
12103,14.0000488852778,1,a5,1,1
12104,14.0167156963889,1,a5,1,1
12105,14.0333828186111,1,a5,1,1
12106,14.0500493075,1,a5,1,1
12107,14.0667162880556,1,a5,1,1
12108,14.0833832408333,1,a5,1,1
12109,14.1000498380556,1,a5,1,1
12110,14.1167165630556,1,a5,1,1
12111,14.1333834186111,1,a5,1,1
12112,14.1500501408333,1,a5,1,1
12113,14.1667167491667,1,a5,1,1
12114,14.1833836213889,1,a5,1,1
12115,14.2000503102778,1,a5,1,1
12116,14.2167168075,1,a5,1,1
12117,14.2333835408333,1,a5,1,1
12118,14.2500502686111,1,a5,1,1
12119,14.2667171936111,1,a5,1,1
12120,14.2833838269444,1,a5,1,1
12121,14.3000508547222,1,a5,1,1
12122,14.3167175602778,1,a5,1,1
12123,14.3333843713889,1,a5,1,1
12124,14.3500511491667,1,a5,1,1
12125,14.3667175686111,1,a5,1,1
12126,14.3833845380556,1,a5,1,1
12127,14.4000513936111,1,a5,1,1
12128,14.4167181075,1,a5,1,1
12129,14.4333847213889,1,a5,1,1
12130,14.4500512880556,1,a5,1,1
12131,14.4667180741667,1,a5,1,1
12132,14.4833847713889,1,a5,1,1
12133,14.5000514047222,1,a5,1,1
12134,14.5167180019444,1,a5,1,1
12135,14.5333846408333,1,a5,1,1
12136,14.5500512269444,1,a5,1,1
12137,14.5667180936111,1,a5,1,1
12138,14.5833848047222,1,a5,1,1
12139,14.6000515019444,1,a5,1,1
12140,14.6167183741667,1,a5,1,1
12141,14.6333848269444,1,a5,1,1
12142,14.6500516963889,1,a5,1,1
12143,14.6667182158333,1,a5,1,1
12144,14.6833849991667,1,a5,1,1
12145,14.7000520130556,1,a5,1,1
12146,14.7167186241667,1,a5,1,1
12147,14.7333851436111,1,a5,1,1
12148,14.7500519352778,1,a5,1,1
12149,14.7667184741667,1,a5,1,1
12150,14.7833852769444,1,a5,1,1
12151,14.8000522991667,1,a5,1,1
12152,14.8167190963889,1,a5,1,1
12153,14.8333858547222,1,a5,1,1
12154,14.8500524019444,1,a5,1,1
12155,14.8667191102778,1,a5,1,1
12156,14.8833856380556,1,a5,1,1
12157,14.9000524686111,1,a5,1,1
12158,14.9167191102778,1,a5,1,1
12159,14.9333859213889,1,a5,1,1
12160,14.9500523602778,1,a5,1,1
12161,14.9667192908333,1,a5,1,1
12162,14.9833861713889,1,a5,1,1
12163,15.0000531352778,1,a5,1,1
12164,15.0167196852778,1,a5,1,1
12165,15.0333862658333,1,a5,1,1
12166,15.0500534130556,1,a5,1,1
12167,15.0667199547222,1,a5,1,1
12168,15.0833869936111,1,a5,1,1
12169,15.1000537575,1,a5,1,1
12170,15.1167204936111,1,a5,1,1
12171,15.1333872158333,1,a5,1,1
12172,15.1500539352778,1,a5,1,1
12173,15.1667205686111,1,a5,1,1
12174,15.1833870936111,1,a5,1,1
12175,15.2000539325,1,a5,1,1
12176,15.2167204352778,1,a5,1,1
12177,15.2333871186111,1,a5,1,1
12178,15.2500539713889,1,a5,1,1
12179,15.2667206075,1,a5,1,1
12180,15.2833870963889,1,a5,1,1
12181,15.3000540575,1,a5,1,1
12182,15.3167209297222,1,a5,1,1
12183,15.3333876713889,1,a5,1,1
12184,15.3500543408333,1,a5,1,1
12185,15.3667211713889,1,a5,1,1
12186,15.3833876047222,1,a5,1,1
12187,15.4000545158333,1,a5,1,1
12188,15.4167211213889,1,a5,1,1
12189,15.4333877852778,1,a5,1,1
12190,15.4500542602778,1,a5,1,1
12191,15.4667211797222,1,a5,1,1
12192,15.4833881408333,1,a5,1,1
12193,15.5000545741667,1,a5,1,1
12194,15.5167214158333,1,a5,1,1
12195,15.5333879213889,1,a5,1,1
12196,15.5500547297222,1,a5,1,1
12197,15.5667212297222,1,a5,1,1
12198,15.5833880797222,1,a5,1,1
12199,15.6000550769444,1,a5,1,1
12200,15.6167216519444,1,a5,1,1
12201,15.6333882658333,1,a5,1,1
12202,15.6500549380556,1,a5,1,1
12203,15.6667219630556,1,a5,1,1
12204,15.6833884297222,1,a5,1,1
12205,15.7000552713889,1,a5,1,1
12206,15.7167222241667,1,a5,1,1
12207,15.7333892352778,1,a5,1,1
12208,15.7500558630556,1,a5,1,1
12209,15.7667223269444,1,a5,1,1
12210,15.7833891769444,1,a5,1,1
12211,15.8000558130556,1,a5,1,1
12212,15.8167223325,1,a5,1,1
12213,15.8333894491667,1,a5,1,1
12214,15.8500559213889,1,a5,1,1
12215,15.8667227213889,1,a5,1,1
12216,15.8833892630556,1,a5,1,1
12217,15.9000559297222,1,a5,1,1
12218,15.9167226713889,1,a5,1,1
12219,15.9333893908333,1,a5,1,1
12220,15.9500563963889,1,a5,1,1
12221,15.9667232713889,1,a5,1,1
12222,15.9833898602778,1,a5,1,1
12223,16.0000565852778,1,a5,1,1
12224,16.0167233186111,1,a5,1,1
12225,16.0333902880556,1,a5,1,1
12226,16.0500568825,1,a5,1,1
12227,16.0667237130556,1,a5,1,1
12228,16.0833903047222,1,a5,1,1
12229,16.1000571936111,1,a5,1,1
12230,16.1167237130556,1,a5,1,1
12231,16.1333904630556,1,a5,1,1
12232,16.1500570963889,1,a5,1,1
12233,16.1667239241667,1,a5,1,1
12234,16.1833906963889,1,a5,1,1
12235,16.2000578741667,1,a5,1,1
12236,16.2167243852778,1,a5,1,1
12237,16.2333911880556,1,a5,1,1
12238,16.2500580741667,1,a5,1,1
12239,16.2667247991667,1,a5,1,1
12240,16.2833916269444,1,a5,1,1
12241,16.3000582352778,1,a5,1,1
12242,16.3167253269444,1,a5,1,1
12243,16.3333918436111,1,a5,1,1
12244,16.3500585602778,1,a5,1,1
12245,16.3667251491667,1,a5,1,1
12246,16.3833918352778,1,a5,1,1
12247,16.4000586269444,1,a5,1,1
12248,16.4167252325,1,a5,1,1
12249,16.4333918186111,1,a5,1,1
12250,16.4500588408333,1,a5,1,1
12251,16.4667258325,1,a5,1,1
12252,16.4833924019444,1,a5,1,1
12253,16.5000590519444,1,a5,1,1
12254,16.5167257852778,1,a5,1,1
12255,16.5333923325,1,a5,1,1
12256,16.5500591102778,1,a5,1,1
12257,16.5667258880556,1,a5,1,1
12258,16.5833924741667,1,a5,1,1
12259,16.6000589880556,1,a5,1,1
12260,16.6167256852778,1,a5,1,1
12261,16.6333928575,1,a5,1,1
12262,16.6500592658333,1,a5,1,1
12263,16.6667260602778,1,a5,1,1
12264,16.6833926436111,1,a5,1,1
12265,16.7000597408333,1,a5,1,1
12266,16.7167265297222,1,a5,1,1
12267,16.7333932380556,1,a5,1,1
12268,16.7500600130556,1,a5,1,1
12269,16.7667265963889,1,a5,1,1
12270,16.7833933241667,1,a5,1,1
12271,16.8000600047222,1,a5,1,1
12272,16.8167265102778,1,a5,1,1
12273,16.8333933880556,1,a5,1,1
12274,16.8500598575,1,a5,1,1
12275,16.8667266713889,1,a5,1,1
12276,16.8833932852778,1,a5,1,1
12277,16.9000599630556,1,a5,1,1
12278,16.9167267325,1,a5,1,1
12279,16.9333932797222,1,a5,1,1
12280,16.9500601269444,1,a5,1,1
12281,16.9667270880556,1,a5,1,1
12282,16.9833941991667,1,a5,1,1
12283,17.0000609186111,1,a5,1,1
12284,17.0167273575,1,a5,1,1
12285,17.0333942213889,1,a5,1,1
12286,17.0500608130556,1,a5,1,1
12287,17.0667275880556,1,a5,1,1
12288,17.0833940769444,1,a5,1,1
12289,17.1000607130556,1,a5,1,1
12290,17.1167273380556,1,a5,1,1
12291,17.1333942408333,1,a5,1,1
12292,17.1500608825,1,a5,1,1
12293,17.1667276158333,1,a5,1,1
12294,17.1833940019444,1,a5,1,1
12295,17.2000607936111,1,a5,1,1
12296,17.2167275463889,1,a5,1,1
12297,17.2333940741667,1,a5,1,1
12298,17.2500608491667,1,a5,1,1
12299,17.2667274797222,1,a5,1,1
12300,17.2833944186111,1,a5,1,1
12301,17.3000609130556,1,a5,1,1
12302,17.3167276519444,1,a5,1,1
12303,17.3333944380556,1,a5,1,1
12304,17.3500611880556,1,a5,1,1
12305,17.3667276380556,1,a5,1,1
12306,17.3833942575,1,a5,1,1
12307,17.4000609936111,1,a5,1,1
12308,17.4167275936111,1,a5,1,1
12309,17.4333943686111,1,a5,1,1
12310,17.4500611213889,1,a5,1,1
12311,17.4667278075,1,a5,1,1
12312,17.4833947186111,1,a5,1,1
12313,17.5000616130556,1,a5,1,1
12314,17.5167282769444,1,a5,1,1
12315,17.5333949019444,1,a5,1,1
12316,17.5500615658333,1,a5,1,1
12317,17.5667283463889,1,a5,1,1
12318,17.5833949075,1,a5,1,1
12319,17.6000616408333,1,a5,1,1
12320,17.6167282963889,1,a5,1,1
12321,17.6333949852778,1,a5,1,1
12322,17.6500615602778,1,a5,1,1
12323,17.6667286741667,1,a5,1,1
12324,17.6833951186111,1,a5,1,1
12325,17.7000619825,1,a5,1,1
12326,17.7167288991667,1,a5,1,1
12327,17.7333955797222,1,a5,1,1
12328,17.7500621575,1,a5,1,1
12329,17.7667289325,1,a5,1,1
12330,17.7833954519444,1,a5,1,1
12331,17.8000621075,1,a5,1,1
12332,17.8167287186111,1,a5,1,1
12333,17.8333953825,1,a5,1,1
12334,17.8500622630556,1,a5,1,1
12335,17.8667288408333,1,a5,1,1
12336,17.8833954963889,1,a5,1,1
12337,17.9000624936111,1,a5,1,1
12338,17.9167291991667,1,a5,1,1
12339,17.9333957547222,1,a5,1,1
12340,17.9500624213889,1,a5,1,1
12341,17.9667290936111,1,a5,1,1
12342,17.9833957519444,1,a5,1,1
12343,18.0000623936111,1,a5,1,1
12344,18.0167291963889,1,a5,1,1
12345,18.0333957547222,1,a5,1,1
12346,18.0500624436111,1,a5,1,1
12347,18.0667290936111,1,a5,1,1
12348,18.0833958686111,1,a5,1,1
12349,18.1000624352778,1,a5,1,1
12350,18.1167291491667,1,a5,1,1
12351,18.1333957158333,1,a5,1,1
12352,18.1500623769444,1,a5,1,1
12353,18.1667295075,1,a5,1,1
12354,18.1833963769444,1,a5,1,1
12355,18.2000629880556,1,a5,1,1
12356,18.2167300158333,1,a5,1,1
12357,18.2333970380556,1,a5,1,1
12358,18.2500639047222,1,a5,1,1
12359,18.2667307630556,1,a5,1,1
12360,18.2833973936111,1,a5,1,1
12361,18.3000643019444,1,a5,1,1
12362,18.3167307963889,1,a5,1,1
12363,18.3333974241667,1,a5,1,1
12364,18.3500641325,1,a5,1,1
12365,18.3667307408333,1,a5,1,1
12366,18.3833978213889,1,a5,1,1
12367,18.4000643713889,1,a5,1,1
12368,18.4167310797222,1,a5,1,1
12369,18.4333979102778,1,a5,1,1
12370,18.4500645658333,1,a5,1,1
12371,18.4667312463889,1,a5,1,1
12372,18.4833983213889,1,a5,1,1
12373,18.5000648491667,1,a5,1,1
12374,18.5167315463889,1,a5,1,1
12375,18.5333982213889,1,a5,1,1
12376,18.5500649880556,1,a5,1,1
12377,18.5667314936111,1,a5,1,1
12378,18.5833981963889,1,a5,1,1
12379,18.6000653519444,1,a5,1,1
12380,18.6167319575,1,a5,1,1
12381,18.6333985825,1,a5,1,1
12382,18.6500651408333,1,a5,1,1
12383,18.6667318325,1,a5,1,1
12384,18.6833985686111,1,a5,1,1
12385,18.7000652741667,1,a5,1,1
12386,18.7167318658333,1,a5,1,1
12387,18.7333985352778,1,a5,1,1
12388,18.7500651991667,1,a5,1,1
12389,18.7667318297222,1,a5,1,1
12390,18.7833985075,1,a5,1,1
12391,18.8000652713889,1,a5,1,1
12392,18.8167318408333,1,a5,1,1
12393,18.8333985769444,1,a5,1,1
12394,18.8500651158333,1,a5,1,1
12395,18.8667319186111,1,a5,1,1
12396,18.8833988741667,1,a5,1,1
12397,18.9000655325,1,a5,1,1
12398,18.9167321102778,1,a5,1,1
12399,18.9333988797222,1,a5,1,1
12400,18.9500656936111,1,a5,1,1
12401,18.9667327352778,1,a5,1,1
12402,18.9833993075,1,a5,1,1
12403,19.0000660575,1,a5,1,1
12404,19.0167327741667,1,a5,1,1
12405,19.0333995047222,1,a5,1,1
12406,19.0500660991667,1,a5,1,1
12407,19.0667326519444,1,a5,1,1
12408,19.0833994741667,1,a5,1,1
12409,19.1000664463889,1,a5,1,1
12410,19.1167332491667,1,a5,1,1
12411,19.1334002686111,1,a5,1,1
12412,19.1500667825,1,a5,1,1
12413,19.1667336713889,1,a5,1,1
12414,19.1834003241667,1,a5,1,1
12415,19.2000669102778,1,a5,1,1
12416,19.2167336852778,1,a5,1,1
12417,19.2334003213889,1,a5,1,1
12418,19.2500670908333,1,a5,1,1
12419,19.2667337963889,1,a5,1,1
12420,19.2834005380556,1,a5,1,1
12421,19.3000670991667,1,a5,1,1
12422,19.3167337019444,1,a5,1,1
12423,19.3334004936111,1,a5,1,1
12424,19.3500671491667,1,a5,1,1
12425,19.3667339963889,1,a5,1,1
12426,19.3834007686111,1,a5,1,1
12427,19.4000673963889,1,a5,1,1
12428,19.4167342408333,1,a5,1,1
12429,19.4334007213889,1,a5,1,1
12430,19.4500675213889,1,a5,1,1
12431,19.4667342491667,1,a5,1,1
12432,19.4834006825,1,a5,1,1
12433,19.5000674602778,1,a5,1,1
12434,19.5167341825,1,a5,1,1
12435,19.5334008158333,1,a5,1,1
12436,19.5500675436111,1,a5,1,1
12437,19.5667340936111,1,a5,1,1
12438,19.5834008713889,1,a5,1,1
12439,19.6000674408333,1,a5,1,1
12440,19.6167340075,1,a5,1,1
12441,19.6334011047222,1,a5,1,1
12442,19.6500678825,1,a5,1,1
12443,19.6667343325,1,a5,1,1
12444,19.6834010186111,1,a5,1,1
12445,19.7000676102778,1,a5,1,1
12446,19.7167344130556,1,a5,1,1
12447,19.7334013130556,1,a5,1,1
12448,19.7500678630556,1,a5,1,1
12449,19.7667347436111,1,a5,1,1
12450,19.7834012741667,1,a5,1,1
12451,19.8000680075,1,a5,1,1
12452,19.8167345658333,1,a5,1,1
12453,19.8334012269444,1,a5,1,1
12454,19.8500681380556,1,a5,1,1
12455,19.8667345630556,1,a5,1,1
12456,19.8834014825,1,a5,1,1
12457,19.9000680575,1,a5,1,1
12458,19.9167346297222,1,a5,1,1
12459,19.9334012158333,1,a5,1,1
12460,19.9500678991667,1,a5,1,1
12461,19.9667348519444,1,a5,1,1
12462,19.9834016908333,1,a5,1,1
12463,1.11667090577778,2,a5,1,1
12464,1.13333786216667,2,a5,1,1
12465,1.15000453244444,2,a5,1,1
12466,1.1666710155,2,a5,1,1
12467,1.18333771216667,2,a5,1,1
12468,1.20000460911111,2,a5,1,1
12469,1.21667110994444,2,a5,1,1
12470,1.233337683,2,a5,1,1
12471,1.25000446744444,2,a5,1,1
12472,1.26667117022222,2,a5,1,1
12473,1.283337823,2,a5,1,1
12474,1.30000436494444,2,a5,1,1
12475,1.316671033,2,a5,1,1
12476,1.33333766577778,2,a5,1,1
12477,1.35000442855556,2,a5,1,1
12478,1.36667127494444,2,a5,1,1
12479,1.3833377155,2,a5,1,1
12480,1.40000472688889,2,a5,1,1
12481,1.41667173633333,2,a5,1,1
12482,1.43333878383333,2,a5,1,1
12483,1.450005723,2,a5,1,1
12484,1.46667259161111,2,a5,1,1
12485,1.4833393655,2,a5,1,1
12486,1.50000599355556,2,a5,1,1
12487,1.51667287133333,2,a5,1,1
12488,1.53333943994444,2,a5,1,1
12489,1.550006018,2,a5,1,1
12490,1.56667283744444,2,a5,1,1
12491,1.58333945327778,2,a5,1,1
12492,1.60000649355556,2,a5,1,1
12493,1.61667329466667,2,a5,1,1
12494,1.63334026133333,2,a5,1,1
12495,1.65000722466667,2,a5,1,1
12496,1.66667433383333,2,a5,1,1
12497,1.68334073716667,2,a5,1,1
12498,1.70000764216667,2,a5,1,1
12499,1.71667432244444,2,a5,1,1
12500,1.73334075466667,2,a5,1,1
12501,1.75000754744444,2,a5,1,1
12502,1.76667447411111,2,a5,1,1
12503,1.78334117494444,2,a5,1,1
12504,1.80000787966667,2,a5,1,1
12505,1.81667452216667,2,a5,1,1
12506,1.83334106938889,2,a5,1,1
12507,1.85000784327778,2,a5,1,1
12508,1.86667443716667,2,a5,1,1
12509,1.88334116827778,2,a5,1,1
12510,1.90000788383333,2,a5,1,1
12511,1.91667470272222,2,a5,1,1
12512,1.93334144327778,2,a5,1,1
12513,1.95000817327778,2,a5,1,1
12514,1.96667495327778,2,a5,1,1
12515,1.98334164883333,2,a5,1,1
12516,2.00000861522222,2,a5,1,1
12517,2.01667526105556,2,a5,1,1
12518,2.03334193216667,2,a5,1,1
12519,2.05000877105556,2,a5,1,1
12520,2.06667559522222,2,a5,1,1
12521,2.08334218605556,2,a5,1,1
12522,2.10000901188889,2,a5,1,1
12523,2.11667557133333,2,a5,1,1
12524,2.13334231383333,2,a5,1,1
12525,2.15000888883333,2,a5,1,1
12526,2.16667585744444,2,a5,1,1
12527,2.18334255688889,2,a5,1,1
12528,2.20000915022222,2,a5,1,1
12529,2.21667622438889,2,a5,1,1
12530,2.23334306466667,2,a5,1,1
12531,2.2500096655,2,a5,1,1
12532,2.26667646688889,2,a5,1,1
12533,2.2833434705,2,a5,1,1
12534,2.30000997188889,2,a5,1,1
12535,2.31667665966667,2,a5,1,1
12536,2.33334329716667,2,a5,1,1
12537,2.35001037966667,2,a5,1,1
12538,2.36667689161111,2,a5,1,1
12539,2.38334364911111,2,a5,1,1
12540,2.40001042188889,2,a5,1,1
12541,2.41667702438889,2,a5,1,1
12542,2.43334360244444,2,a5,1,1
12543,2.45001054994444,2,a5,1,1
12544,2.4666771655,2,a5,1,1
12545,2.483343933,2,a5,1,1
12546,2.50001065383333,2,a5,1,1
12547,2.51667741938889,2,a5,1,1
12548,2.53334415577778,2,a5,1,1
12549,2.55001096716667,2,a5,1,1
12550,2.56667746411111,2,a5,1,1
12551,2.58334416188889,2,a5,1,1
12552,2.60001108411111,2,a5,1,1
12553,2.61667780911111,2,a5,1,1
12554,2.63334455911111,2,a5,1,1
12555,2.65001103411111,2,a5,1,1
12556,2.66667803966667,2,a5,1,1
12557,2.68334485633333,2,a5,1,1
12558,2.70001138133333,2,a5,1,1
12559,2.71667825077778,2,a5,1,1
12560,2.733344823,2,a5,1,1
12561,2.75001168966667,2,a5,1,1
12562,2.76667867577778,2,a5,1,1
12563,2.78334539522222,2,a5,1,1
12564,2.80001204522222,2,a5,1,1
12565,2.81667898688889,2,a5,1,1
12566,2.83334559522222,2,a5,1,1
12567,2.850012623,2,a5,1,1
12568,2.86667959244444,2,a5,1,1
12569,2.88334606188889,2,a5,1,1
12570,2.90001290633333,2,a5,1,1
12571,2.91667960355556,2,a5,1,1
12572,2.93334601466667,2,a5,1,1
12573,2.95001318966667,2,a5,1,1
12574,2.966679698,2,a5,1,1
12575,2.98334676466667,2,a5,1,1
12576,3.00001329244444,2,a5,1,1
12577,3.01668040633333,2,a5,1,1
12578,3.03334693133333,2,a5,1,1
12579,3.05001406466667,2,a5,1,1
12580,3.06668043966667,2,a5,1,1
12581,3.08334712855556,2,a5,1,1
12582,3.10001404522222,2,a5,1,1
12583,3.11668061188889,2,a5,1,1
12584,3.13334721744444,2,a5,1,1
12585,3.15001410633333,2,a5,1,1
12586,3.16668093411111,2,a5,1,1
12587,3.183347548,2,a5,1,1
12588,3.20001408688889,2,a5,1,1
12589,3.21668104522222,2,a5,1,1
12590,3.23334793411111,2,a5,1,1
12591,3.25001451744444,2,a5,1,1
12592,3.26668114244444,2,a5,1,1
12593,3.283347898,2,a5,1,1
12594,3.30001436744444,2,a5,1,1
12595,3.31668137022222,2,a5,1,1
12596,3.33334818688889,2,a5,1,1
12597,3.35001513411111,2,a5,1,1
12598,3.36668154244444,2,a5,1,1
12599,3.38334843133333,2,a5,1,1
12600,3.40001513133333,2,a5,1,1
12601,3.41668157577778,2,a5,1,1
12602,3.43334828411111,2,a5,1,1
12603,3.450014898,2,a5,1,1
12604,3.466681723,2,a5,1,1
12605,3.48334841744444,2,a5,1,1
12606,3.50001493133333,2,a5,1,1
12607,3.51668162022222,2,a5,1,1
12608,3.53334838966667,2,a5,1,1
12609,3.55001494522222,2,a5,1,1
12610,3.56668163688889,2,a5,1,1
12611,3.58334832577778,2,a5,1,1
12612,3.60001492022222,2,a5,1,1
12613,3.61668172577778,2,a5,1,1
12614,3.63334824522222,2,a5,1,1
12615,3.650015048,2,a5,1,1
12616,3.66668203966667,2,a5,1,1
12617,3.68334894244444,2,a5,1,1
12618,3.70001560077778,2,a5,1,1
12619,3.71668219522222,2,a5,1,1
12620,3.73334889522222,2,a5,1,1
12621,3.75001558411111,2,a5,1,1
12622,3.76668215355556,2,a5,1,1
12623,3.78334883133333,2,a5,1,1
12624,3.80001571188889,2,a5,1,1
12625,3.81668248688889,2,a5,1,1
12626,3.83334923966667,2,a5,1,1
12627,3.85001597022222,2,a5,1,1
12628,3.86668240077778,2,a5,1,1
12629,3.883349173,2,a5,1,1
12630,3.90001590633333,2,a5,1,1
12631,3.91668239244444,2,a5,1,1
12632,3.93334906188889,2,a5,1,1
12633,3.95001573688889,2,a5,1,1
12634,3.96668274522222,2,a5,1,1
12635,3.98334939522222,2,a5,1,1
12636,4.00001641188889,2,a5,1,1
12637,4.01668327577778,2,a5,1,1
12638,4.03335001188889,2,a5,1,1
12639,4.05001662855556,2,a5,1,1
12640,4.06668345911111,2,a5,1,1
12641,4.08335017022222,2,a5,1,1
12642,4.10001698411111,2,a5,1,1
12643,4.11668393688889,2,a5,1,1
12644,4.13335093133333,2,a5,1,1
12645,4.15001758688889,2,a5,1,1
12646,4.16668418133333,2,a5,1,1
12647,4.18335073966667,2,a5,1,1
12648,4.20001738688889,2,a5,1,1
12649,4.21668410355556,2,a5,1,1
12650,4.23335087855556,2,a5,1,1
12651,4.25001752855556,2,a5,1,1
12652,4.26668410355555,2,a5,1,1
12653,4.283351198,2,a5,1,1
12654,4.30001775911111,2,a5,1,1
12655,4.31668446188889,2,a5,1,1
12656,4.33335116744444,2,a5,1,1
12657,4.35001780911111,2,a5,1,1
12658,4.366684573,2,a5,1,1
12659,4.38335144244444,2,a5,1,1
12660,4.40001841744444,2,a5,1,1
12661,4.41668528966667,2,a5,1,1
12662,4.43335192855556,2,a5,1,1
12663,4.45001862022222,2,a5,1,1
12664,4.46668523688889,2,a5,1,1
12665,4.48335185911111,2,a5,1,1
12666,4.500018723,2,a5,1,1
12667,4.516685173,2,a5,1,1
12668,4.53335218411111,2,a5,1,1
12669,4.55001881188889,2,a5,1,1
12670,4.56668556744444,2,a5,1,1
12671,4.58335228688889,2,a5,1,1
12672,4.60001885355556,2,a5,1,1
12673,4.61668563411111,2,a5,1,1
12674,4.63335211466667,2,a5,1,1
12675,4.65001903966667,2,a5,1,1
12676,4.66668550633333,2,a5,1,1
12677,4.68335231466667,2,a5,1,1
12678,4.70001919244444,2,a5,1,1
12679,4.71668623966667,2,a5,1,1
12680,4.73335298688889,2,a5,1,1
12681,4.75002000077778,2,a5,1,1
12682,4.76668705911111,2,a5,1,1
12683,4.78335374522222,2,a5,1,1
12684,4.80002035077778,2,a5,1,1
12685,4.816686898,2,a5,1,1
12686,4.83335356188889,2,a5,1,1
12687,4.85002028966667,2,a5,1,1
12688,4.86668728688889,2,a5,1,1
12689,4.88335379522222,2,a5,1,1
12690,4.90002051466667,2,a5,1,1
12691,4.91668717022222,2,a5,1,1
12692,4.93335382577778,2,a5,1,1
12693,4.95002057577778,2,a5,1,1
12694,4.96668711744444,2,a5,1,1
12695,4.98335396744444,2,a5,1,1
12696,5.00002055911111,2,a5,1,1
12697,5.01668724522222,2,a5,1,1
12698,5.03335390077778,2,a5,1,1
12699,5.05002060077778,2,a5,1,1
12700,5.06668718133333,2,a5,1,1
12701,5.08335393688889,2,a5,1,1
12702,5.10002058411111,2,a5,1,1
12703,5.11668718411111,2,a5,1,1
12704,5.13335418966667,2,a5,1,1
12705,5.15002083133333,2,a5,1,1
12706,5.16668755633333,2,a5,1,1
12707,5.18335419522222,2,a5,1,1
12708,5.20002122855556,2,a5,1,1
12709,5.21668782855556,2,a5,1,1
12710,5.23335456466667,2,a5,1,1
12711,5.25002127855556,2,a5,1,1
12712,5.26668808688889,2,a5,1,1
12713,5.28335468966667,2,a5,1,1
12714,5.30002148411111,2,a5,1,1
12715,5.31668811744444,2,a5,1,1
12716,5.33335475633333,2,a5,1,1
12717,5.35002153966667,2,a5,1,1
12718,5.36668808966667,2,a5,1,1
12719,5.38335468411111,2,a5,1,1
12720,5.40002128966667,2,a5,1,1
12721,5.416688473,2,a5,1,1
12722,5.43335498411111,2,a5,1,1
12723,5.45002206466667,2,a5,1,1
12724,5.46668852855556,2,a5,1,1
12725,5.48335542855556,2,a5,1,1
12726,5.50002193133333,2,a5,1,1
12727,5.51668861188889,2,a5,1,1
12728,5.53335520633333,2,a5,1,1
12729,5.55002220077778,2,a5,1,1
12730,5.56668930633333,2,a5,1,1
12731,5.58335621744444,2,a5,1,1
12732,5.600022773,2,a5,1,1
12733,5.61668990077778,2,a5,1,1
12734,5.63335645355556,2,a5,1,1
12735,5.650023398,2,a5,1,1
12736,5.66669001188889,2,a5,1,1
12737,5.68335687022222,2,a5,1,1
12738,5.700023998,2,a5,1,1
12739,5.71669062022222,2,a5,1,1
12740,5.73335720911111,2,a5,1,1
12741,5.75002406744444,2,a5,1,1
12742,5.76669093133333,2,a5,1,1
12743,5.78335751744444,2,a5,1,1
12744,5.80002410077778,2,a5,1,1
12745,5.81669080911111,2,a5,1,1
12746,5.83335775633333,2,a5,1,1
12747,5.85002441744444,2,a5,1,1
12748,5.86669113411111,2,a5,1,1
12749,5.88335790633333,2,a5,1,1
12750,5.900024523,2,a5,1,1
12751,5.91669138133333,2,a5,1,1
12752,5.93335806466667,2,a5,1,1
12753,5.95002475077778,2,a5,1,1
12754,5.96669174244444,2,a5,1,1
12755,5.983358273,2,a5,1,1
12756,6.00002535633333,2,a5,1,1
12757,6.01669228133333,2,a5,1,1
12758,6.03335883133333,2,a5,1,1
12759,6.05002593966667,2,a5,1,1
12760,6.06669245077778,2,a5,1,1
12761,6.08335912855556,2,a5,1,1
12762,6.10002580911111,2,a5,1,1
12763,6.11669252577778,2,a5,1,1
12764,6.13335921744444,2,a5,1,1
12765,6.150025923,2,a5,1,1
12766,6.16669267577778,2,a5,1,1
12767,6.18335948133333,2,a5,1,1
12768,6.20002602577778,2,a5,1,1
12769,6.21669313966667,2,a5,1,1
12770,6.23335960633333,2,a5,1,1
12771,6.25002629522222,2,a5,1,1
12772,6.26669320633333,2,a5,1,1
12773,6.283359748,2,a5,1,1
12774,6.30002673966667,2,a5,1,1
12775,6.31669325633333,2,a5,1,1
12776,6.33336005911111,2,a5,1,1
12777,6.35002653688889,2,a5,1,1
12778,6.36669345911111,2,a5,1,1
12779,6.38336004244444,2,a5,1,1
12780,6.40002708966667,2,a5,1,1
12781,6.41669372577778,2,a5,1,1
12782,6.43336057577778,2,a5,1,1
12783,6.45002712855556,2,a5,1,1
12784,6.46669385077778,2,a5,1,1
12785,6.483360573,2,a5,1,1
12786,6.50002721188889,2,a5,1,1
12787,6.51669395633333,2,a5,1,1
12788,6.533360948,2,a5,1,1
12789,6.550027523,2,a5,1,1
12790,6.56669436466667,2,a5,1,1
12791,6.58336117855556,2,a5,1,1
12792,6.60002785633333,2,a5,1,1
12793,6.61669447577778,2,a5,1,1
12794,6.633361123,2,a5,1,1
12795,6.65002783688889,2,a5,1,1
12796,6.66669447577778,2,a5,1,1
12797,6.68336156188889,2,a5,1,1
12798,6.70002803966667,2,a5,1,1
12799,6.716694648,2,a5,1,1
12800,6.73336138966667,2,a5,1,1
12801,6.75002807577778,2,a5,1,1
12802,6.76669480077778,2,a5,1,1
12803,6.78336136188889,2,a5,1,1
12804,6.80002803966667,2,a5,1,1
12805,6.81669463133333,2,a5,1,1
12806,6.83336147577778,2,a5,1,1
12807,6.85002808966667,2,a5,1,1
12808,6.86669476744444,2,a5,1,1
12809,6.88336145355556,2,a5,1,1
12810,6.90002808133333,2,a5,1,1
12811,6.916694748,2,a5,1,1
12812,6.93336173966667,2,a5,1,1
12813,6.95002840077778,2,a5,1,1
12814,6.96669510633333,2,a5,1,1
12815,6.98336163966667,2,a5,1,1
12816,7.000028773,2,a5,1,1
12817,7.01669538966667,2,a5,1,1
12818,7.03336194244444,2,a5,1,1
12819,7.05002856744444,2,a5,1,1
12820,7.06669536188889,2,a5,1,1
12821,7.08336200077778,2,a5,1,1
12822,7.10002853133333,2,a5,1,1
12823,7.11669537022222,2,a5,1,1
12824,7.13336207577778,2,a5,1,1
12825,7.15002862577778,2,a5,1,1
12826,7.166695323,2,a5,1,1
12827,7.18336192022222,2,a5,1,1
12828,7.20002901466667,2,a5,1,1
12829,7.21669558411111,2,a5,1,1
12830,7.23336261188889,2,a5,1,1
12831,7.25002915633333,2,a5,1,1
12832,7.26669588411111,2,a5,1,1
12833,7.283362898,2,a5,1,1
12834,7.30002943966667,2,a5,1,1
12835,7.31669635911111,2,a5,1,1
12836,7.33336310077778,2,a5,1,1
12837,7.35002966744444,2,a5,1,1
12838,7.36669632577778,2,a5,1,1
12839,7.38336298688889,2,a5,1,1
12840,7.40002971188889,2,a5,1,1
12841,7.41669641466667,2,a5,1,1
12842,7.43336318133333,2,a5,1,1
12843,7.45002983133333,2,a5,1,1
12844,7.46669671188889,2,a5,1,1
12845,7.48336342577778,2,a5,1,1
12846,7.50003004522222,2,a5,1,1
12847,7.51669700077778,2,a5,1,1
12848,7.53336369522222,2,a5,1,1
12849,7.55003039244444,2,a5,1,1
12850,7.566696973,2,a5,1,1
12851,7.58336365633333,2,a5,1,1
12852,7.60003023966667,2,a5,1,1
12853,7.61669708133333,2,a5,1,1
12854,7.63336348688889,2,a5,1,1
12855,7.65003033688889,2,a5,1,1
12856,7.66669697022222,2,a5,1,1
12857,7.68336360633333,2,a5,1,1
12858,7.70003033966667,2,a5,1,1
12859,7.71669702577778,2,a5,1,1
12860,7.73336363688889,2,a5,1,1
12861,7.75003027577778,2,a5,1,1
12862,7.76669734244444,2,a5,1,1
12863,7.78336425355556,2,a5,1,1
12864,7.80003082577778,2,a5,1,1
12865,7.81669738966667,2,a5,1,1
12866,7.83336431466667,2,a5,1,1
12867,7.85003085633333,2,a5,1,1
12868,7.86669748133333,2,a5,1,1
12869,7.88336430633333,2,a5,1,1
12870,7.90003089522222,2,a5,1,1
12871,7.91669757022222,2,a5,1,1
12872,7.93336428966667,2,a5,1,1
12873,7.95003086744444,2,a5,1,1
12874,7.96669748688889,2,a5,1,1
12875,7.98336429522222,2,a5,1,1
12876,8.00003097022222,2,a5,1,1
12877,8.01669742855556,2,a5,1,1
12878,8.03336414244445,2,a5,1,1
12879,8.05003096466667,2,a5,1,1
12880,8.06669754522222,2,a5,1,1
12881,8.08336430911111,2,a5,1,1
12882,8.10003089244445,2,a5,1,1
12883,8.11669792855556,2,a5,1,1
12884,8.13336455077778,2,a5,1,1
12885,8.15003113966667,2,a5,1,1
12886,8.16669798133333,2,a5,1,1
12887,8.18336469522222,2,a5,1,1
12888,8.20003145355556,2,a5,1,1
12889,8.21669812022222,2,a5,1,1
12890,8.23336467855556,2,a5,1,1
12891,8.25003128688889,2,a5,1,1
12892,8.26669814244445,2,a5,1,1
12893,8.28336486188889,2,a5,1,1
12894,8.30003139244445,2,a5,1,1
12895,8.31669798688889,2,a5,1,1
12896,8.33336478133333,2,a5,1,1
12897,8.35003137577778,2,a5,1,1
12898,8.36669811744444,2,a5,1,1
12899,8.38336468688889,2,a5,1,1
12900,8.40003151744444,2,a5,1,1
12901,8.41669815911111,2,a5,1,1
12902,8.43336467855556,2,a5,1,1
12903,8.450031473,2,a5,1,1
12904,8.46669813133333,2,a5,1,1
12905,8.48336482577778,2,a5,1,1
12906,8.50003128966667,2,a5,1,1
12907,8.516698123,2,a5,1,1
12908,8.533364773,2,a5,1,1
12909,8.550031748,2,a5,1,1
12910,8.56669843133333,2,a5,1,1
12911,8.58336488966667,2,a5,1,1
12912,8.60003201744444,2,a5,1,1
12913,8.61669894244445,2,a5,1,1
12914,8.63336555911111,2,a5,1,1
12915,8.65003214522222,2,a5,1,1
12916,8.66669918133334,2,a5,1,1
12917,8.68336600633334,2,a5,1,1
12918,8.70003265077778,2,a5,1,1
12919,8.71669936744444,2,a5,1,1
12920,8.73336613411111,2,a5,1,1
12921,8.75003268688889,2,a5,1,1
12922,8.76669942022222,2,a5,1,1
12923,8.78336605633333,2,a5,1,1
12924,8.800032898,2,a5,1,1
12925,8.81669961466667,2,a5,1,1
12926,8.83336603688889,2,a5,1,1
12927,8.85003287022222,2,a5,1,1
12928,8.86669946744445,2,a5,1,1
12929,8.88336623966667,2,a5,1,1
12930,8.90003292577778,2,a5,1,1
12931,8.91669972855556,2,a5,1,1
12932,8.93336646744445,2,a5,1,1
12933,8.95003303411111,2,a5,1,1
12934,8.96669968688889,2,a5,1,1
12935,8.983366423,2,a5,1,1
12936,9.000032973,2,a5,1,1
12937,9.016699748,2,a5,1,1
12938,9.03336661466667,2,a5,1,1
12939,9.05003342022222,2,a5,1,1
12940,9.06670014522222,2,a5,1,1
12941,9.08336680077778,2,a5,1,1
12942,9.10003321466667,2,a5,1,1
12943,9.11669995355556,2,a5,1,1
12944,9.13336693688889,2,a5,1,1
12945,9.15003362577778,2,a5,1,1
12946,9.16670017577778,2,a5,1,1
12947,9.18336691466667,2,a5,1,1
12948,9.20003352855556,2,a5,1,1
12949,9.21670026466667,2,a5,1,1
12950,9.233366948,2,a5,1,1
12951,9.25003373133333,2,a5,1,1
12952,9.26670025911111,2,a5,1,1
12953,9.28336693966667,2,a5,1,1
12954,9.30003366188889,2,a5,1,1
12955,9.31670023966667,2,a5,1,1
12956,9.33336707855556,2,a5,1,1
12957,9.35003372577778,2,a5,1,1
12958,9.36670040077778,2,a5,1,1
12959,9.38336690633333,2,a5,1,1
12960,9.40003359244444,2,a5,1,1
12961,9.41670042022222,2,a5,1,1
12962,9.43336734522222,2,a5,1,1
12963,9.45003430911111,2,a5,1,1
12964,9.46670088411111,2,a5,1,1
12965,9.48336774244444,2,a5,1,1
12966,9.50003435077778,2,a5,1,1
12967,9.516701073,2,a5,1,1
12968,9.53336798966667,2,a5,1,1
12969,9.55003485911111,2,a5,1,1
12970,9.56670146188889,2,a5,1,1
12971,9.58336817577778,2,a5,1,1
12972,9.600034848,2,a5,1,1
12973,9.61670138966667,2,a5,1,1
12974,9.63336808133334,2,a5,1,1
12975,9.65003472855556,2,a5,1,1
12976,9.666701673,2,a5,1,1
12977,9.68336825355556,2,a5,1,1
12978,9.70003512022222,2,a5,1,1
12979,9.71670175077778,2,a5,1,1
12980,9.73336840077778,2,a5,1,1
12981,9.75003488966667,2,a5,1,1
12982,9.76670172855556,2,a5,1,1
12983,9.78336835911111,2,a5,1,1
12984,9.80003502577778,2,a5,1,1
12985,9.81670203411111,2,a5,1,1
12986,9.833368723,2,a5,1,1
12987,9.850035423,2,a5,1,1
12988,9.866701998,2,a5,1,1
12989,9.88336898688889,2,a5,1,1
12990,9.90003593411111,2,a5,1,1
12991,9.91670260911111,2,a5,1,1
12992,9.93336905633333,2,a5,1,1
12993,9.95003577855556,2,a5,1,1
12994,9.966702848,2,a5,1,1
12995,9.98336955077778,2,a5,1,1
12996,10.0000361257778,2,a5,1,1
12997,10.0167027535556,2,a5,1,1
12998,10.0333694063333,2,a5,1,1
12999,10.0500362813333,2,a5,1,1
13000,10.0667029146667,2,a5,1,1
13001,10.0833695924444,2,a5,1,1
13002,10.1000362035556,2,a5,1,1
13003,10.1167027007778,2,a5,1,1
13004,10.1333694563333,2,a5,1,1
13005,10.1500361563333,2,a5,1,1
13006,10.1667030785556,2,a5,1,1
13007,10.183369823,2,a5,1,1
13008,10.2000363674444,2,a5,1,1
13009,10.216703123,2,a5,1,1
13010,10.2333698868889,2,a5,1,1
13011,10.2500362924444,2,a5,1,1
13012,10.2667031091111,2,a5,1,1
13013,10.2833699174444,2,a5,1,1
13014,10.3000366591111,2,a5,1,1
13015,10.3167032396667,2,a5,1,1
13016,10.3333702952222,2,a5,1,1
13017,10.3500370118889,2,a5,1,1
13018,10.3667038618889,2,a5,1,1
13019,10.3833705646667,2,a5,1,1
13020,10.400037248,2,a5,1,1
13021,10.4167040563333,2,a5,1,1
13022,10.4333707646667,2,a5,1,1
13023,10.4500375257778,2,a5,1,1
13024,10.4667041702222,2,a5,1,1
13025,10.4833709535556,2,a5,1,1
13026,10.5000374007778,2,a5,1,1
13027,10.5167041618889,2,a5,1,1
13028,10.5333712341111,2,a5,1,1
13029,10.5500380424444,2,a5,1,1
13030,10.566704773,2,a5,1,1
13031,10.5833716591111,2,a5,1,1
13032,10.6000383924444,2,a5,1,1
13033,10.616705223,2,a5,1,1
13034,10.6333718646667,2,a5,1,1
13035,10.6500386841111,2,a5,1,1
13036,10.6667053063333,2,a5,1,1
13037,10.6833720368889,2,a5,1,1
13038,10.7000387285556,2,a5,1,1
13039,10.7167052174444,2,a5,1,1
13040,10.7333719535556,2,a5,1,1
13041,10.7500386507778,2,a5,1,1
13042,10.7667053285556,2,a5,1,1
13043,10.7833723257778,2,a5,1,1
13044,10.8000388841111,2,a5,1,1
13045,10.8167055841111,2,a5,1,1
13046,10.8333722591111,2,a5,1,1
13047,10.8500390146667,2,a5,1,1
13048,10.8667055563333,2,a5,1,1
13049,10.8833721007778,2,a5,1,1
13050,10.900038923,2,a5,1,1
13051,10.9167056146667,2,a5,1,1
13052,10.9333722285556,2,a5,1,1
13053,10.9500388146667,2,a5,1,1
13054,10.9667057424444,2,a5,1,1
13055,10.9833728952222,2,a5,1,1
13056,11.0000393591111,2,a5,1,1
13057,11.0167061952222,2,a5,1,1
13058,11.0333728063333,2,a5,1,1
13059,11.0500395591111,2,a5,1,1
13060,11.0667063952222,2,a5,1,1
13061,11.0833732174444,2,a5,1,1
13062,11.1000396091111,2,a5,1,1
13063,11.1167064646667,2,a5,1,1
13064,11.1333731007778,2,a5,1,1
13065,11.1500397118889,2,a5,1,1
13066,11.1667063285556,2,a5,1,1
13067,11.1833731896667,2,a5,1,1
13068,11.2000397368889,2,a5,1,1
13069,11.2167064313333,2,a5,1,1
13070,11.2333730896667,2,a5,1,1
13071,11.2500397341111,2,a5,1,1
13072,11.2667064757778,2,a5,1,1
13073,11.2833731924444,2,a5,1,1
13074,11.3000397896667,2,a5,1,1
13075,11.3167066035556,2,a5,1,1
13076,11.3333732702222,2,a5,1,1
13077,11.350039898,2,a5,1,1
13078,11.3667070035556,2,a5,1,1
13079,11.3833736757778,2,a5,1,1
13080,11.4000407007778,2,a5,1,1
13081,11.4167071035556,2,a5,1,1
13082,11.4333739896667,2,a5,1,1
13083,11.4500404618889,2,a5,1,1
13084,11.466707373,2,a5,1,1
13085,11.4833740424444,2,a5,1,1
13086,11.5000405118889,2,a5,1,1
13087,11.5167073952222,2,a5,1,1
13088,11.5333739174444,2,a5,1,1
13089,11.5500405563333,2,a5,1,1
13090,11.5667076452222,2,a5,1,1
13091,11.5833742368889,2,a5,1,1
13092,11.6000409063333,2,a5,1,1
13093,11.6167075368889,2,a5,1,1
13094,11.6333741257778,2,a5,1,1
13095,11.6500409285556,2,a5,1,1
13096,11.6667074313333,2,a5,1,1
13097,11.6833741257778,2,a5,1,1
13098,11.7000409007778,2,a5,1,1
13099,11.7167076674444,2,a5,1,1
13100,11.7333743368889,2,a5,1,1
13101,11.7500411341111,2,a5,1,1
13102,11.7667077452222,2,a5,1,1
13103,11.7833744368889,2,a5,1,1
13104,11.8000411507778,2,a5,1,1
13105,11.816707848,2,a5,1,1
13106,11.8333743313333,2,a5,1,1
13107,11.8500411757778,2,a5,1,1
13108,11.8667077007778,2,a5,1,1
13109,11.8833746646667,2,a5,1,1
13110,11.9000415146667,2,a5,1,1
13111,11.9167081674444,2,a5,1,1
13112,11.9333746313333,2,a5,1,1
13113,11.950041298,2,a5,1,1
13114,11.966708048,2,a5,1,1
13115,11.9833748646667,2,a5,1,1
13116,12.0000414591111,2,a5,1,1
13117,12.0167081035556,2,a5,1,1
13118,12.0333747507778,2,a5,1,1
13119,12.0500415452222,2,a5,1,1
13120,12.0667084118889,2,a5,1,1
13121,12.0833754563333,2,a5,1,1
13122,12.1000421035556,2,a5,1,1
13123,12.1167085424444,2,a5,1,1
13124,12.1333756702222,2,a5,1,1
13125,12.1500422646667,2,a5,1,1
13126,12.1667087896667,2,a5,1,1
13127,12.1833755757778,2,a5,1,1
13128,12.2000422285556,2,a5,1,1
13129,12.2167089313333,2,a5,1,1
13130,12.2333755507778,2,a5,1,1
13131,12.2500423007778,2,a5,1,1
13132,12.266709073,2,a5,1,1
13133,12.2833757952222,2,a5,1,1
13134,12.3000424507778,2,a5,1,1
13135,12.3167095452222,2,a5,1,1
13136,12.3333761452222,2,a5,1,1
13137,12.3500426757778,2,a5,1,1
13138,12.3667094452222,2,a5,1,1
13139,12.3833762813333,2,a5,1,1
13140,12.4000427452222,2,a5,1,1
13141,12.4167095868889,2,a5,1,1
13142,12.4333760202222,2,a5,1,1
13143,12.4500427063333,2,a5,1,1
13144,12.4667094313333,2,a5,1,1
13145,12.483376248,2,a5,1,1
13146,12.5000430618889,2,a5,1,1
13147,12.5167096952222,2,a5,1,1
13148,12.5333767868889,2,a5,1,1
13149,12.5500433313333,2,a5,1,1
13150,12.5667104563333,2,a5,1,1
13151,12.5833770424444,2,a5,1,1
13152,12.6000436785556,2,a5,1,1
13153,12.6167102202222,2,a5,1,1
13154,12.6333772563333,2,a5,1,1
13155,12.6500439091111,2,a5,1,1
13156,12.6667104396667,2,a5,1,1
13157,12.6833773007778,2,a5,1,1
13158,12.7000438757778,2,a5,1,1
13159,12.7167104285556,2,a5,1,1
13160,12.7333773618889,2,a5,1,1
13161,12.7500440313333,2,a5,1,1
13162,12.766710923,2,a5,1,1
13163,12.7833774674444,2,a5,1,1
13164,12.8000445313333,2,a5,1,1
13165,12.816711048,2,a5,1,1
13166,12.8333777591111,2,a5,1,1
13167,12.8500444007778,2,a5,1,1
13168,12.8667111757778,2,a5,1,1
13169,12.8833777424444,2,a5,1,1
13170,12.900044598,2,a5,1,1
13171,12.916711023,2,a5,1,1
13172,12.9333777535556,2,a5,1,1
13173,12.9500445591111,2,a5,1,1
13174,12.9667110896667,2,a5,1,1
13175,12.9833778563333,2,a5,1,1
13176,13.0000444591111,2,a5,1,1
13177,13.0167111813333,2,a5,1,1
13178,13.0333778341111,2,a5,1,1
13179,13.0500444091111,2,a5,1,1
13180,13.0667110841111,2,a5,1,1
13181,13.083377873,2,a5,1,1
13182,13.1000443341111,2,a5,1,1
13183,13.1167111702222,2,a5,1,1
13184,13.1333776785556,2,a5,1,1
13185,13.1500445924444,2,a5,1,1
13186,13.166711048,2,a5,1,1
13187,13.1833779146667,2,a5,1,1
13188,13.2000445702222,2,a5,1,1
13189,13.2167112035556,2,a5,1,1
13190,13.2333776896667,2,a5,1,1
13191,13.2500444507778,2,a5,1,1
13192,13.2667111257778,2,a5,1,1
13193,13.2833778757778,2,a5,1,1
13194,13.3000444452222,2,a5,1,1
13195,13.3167110257778,2,a5,1,1
13196,13.3333781785556,2,a5,1,1
13197,13.3500448341111,2,a5,1,1
13198,13.3667114063333,2,a5,1,1
13199,13.3833780563333,2,a5,1,1
13200,13.4000447702222,2,a5,1,1
13201,13.416711373,2,a5,1,1
13202,13.4333780396667,2,a5,1,1
13203,13.4500448563333,2,a5,1,1
13204,13.4667115313333,2,a5,1,1
13205,13.4833781952222,2,a5,1,1
13206,13.5000451341111,2,a5,1,1
13207,13.5167115591111,2,a5,1,1
13208,13.5333782285556,2,a5,1,1
13209,13.5500449341111,2,a5,1,1
13210,13.5667116702222,2,a5,1,1
13211,13.5833782396667,2,a5,1,1
13212,13.6000449091111,2,a5,1,1
13213,13.6167116007778,2,a5,1,1
13214,13.6333784146667,2,a5,1,1
13215,13.650044948,2,a5,1,1
13216,13.6667117202222,2,a5,1,1
13217,13.6833783452222,2,a5,1,1
13218,13.7000449257778,2,a5,1,1
13219,13.7167117952222,2,a5,1,1
13220,13.7333784091111,2,a5,1,1
13221,13.7500449674444,2,a5,1,1
13222,13.7667117813333,2,a5,1,1
13223,13.7833787007778,2,a5,1,1
13224,13.8000453174444,2,a5,1,1
13225,13.8167120674444,2,a5,1,1
13226,13.8333786285556,2,a5,1,1
13227,13.8500453618889,2,a5,1,1
13228,13.8667119007778,2,a5,1,1
13229,13.8833785257778,2,a5,1,1
13230,13.9000452341111,2,a5,1,1
13231,13.9167118313333,2,a5,1,1
13232,13.9333785396667,2,a5,1,1
13233,13.9500452841111,2,a5,1,1
13234,13.966711998,2,a5,1,1
13235,13.9833790618889,2,a5,1,1
13236,14.0000456424444,2,a5,1,1
13237,14.0167123591111,2,a5,1,1
13238,14.0333788118889,2,a5,1,1
13239,14.0500458507778,2,a5,1,1
13240,14.0667124091111,2,a5,1,1
13241,14.083379273,2,a5,1,1
13242,14.1000460202222,2,a5,1,1
13243,14.1167128202222,2,a5,1,1
13244,14.1333794674444,2,a5,1,1
13245,14.1500460396667,2,a5,1,1
13246,14.166712848,2,a5,1,1
13247,14.1833796035556,2,a5,1,1
13248,14.2000462702222,2,a5,1,1
13249,14.2167130368889,2,a5,1,1
13250,14.2333797591111,2,a5,1,1
13251,14.2500468007778,2,a5,1,1
13252,14.2667133146667,2,a5,1,1
13253,14.2833800924444,2,a5,1,1
13254,14.3000466007778,2,a5,1,1
13255,14.3167136618889,2,a5,1,1
13256,14.3333804146667,2,a5,1,1
13257,14.350047048,2,a5,1,1
13258,14.3667135813333,2,a5,1,1
13259,14.3833803091111,2,a5,1,1
13260,14.4000468813333,2,a5,1,1
13261,14.416713523,2,a5,1,1
13262,14.433380348,2,a5,1,1
13263,14.4500469257778,2,a5,1,1
13264,14.4667135396667,2,a5,1,1
13265,14.4833803702222,2,a5,1,1
13266,14.5000471257778,2,a5,1,1
13267,14.5167138341111,2,a5,1,1
13268,14.5333809396667,2,a5,1,1
13269,14.550047598,2,a5,1,1
13270,14.5667144563333,2,a5,1,1
13271,14.5833811757778,2,a5,1,1
13272,14.6000477952222,2,a5,1,1
13273,14.6167144424444,2,a5,1,1
13274,14.6333810396667,2,a5,1,1
13275,14.6500476646667,2,a5,1,1
13276,14.6667144591111,2,a5,1,1
13277,14.683381098,2,a5,1,1
13278,14.7000479424444,2,a5,1,1
13279,14.7167147313333,2,a5,1,1
13280,14.7333817174444,2,a5,1,1
13281,14.7500485091111,2,a5,1,1
13282,14.7667150813333,2,a5,1,1
13283,14.7833818063333,2,a5,1,1
13284,14.8000483118889,2,a5,1,1
13285,14.8167149924444,2,a5,1,1
13286,14.8333817507778,2,a5,1,1
13287,14.8500483396667,2,a5,1,1
13288,14.8667150007778,2,a5,1,1
13289,14.8833817702222,2,a5,1,1
13290,14.900048298,2,a5,1,1
13291,14.9167150174444,2,a5,1,1
13292,14.9333816341111,2,a5,1,1
13293,14.9500486452222,2,a5,1,1
13294,14.966715523,2,a5,1,1
13295,14.9833824868889,2,a5,1,1
13296,15.000049323,2,a5,1,1
13297,15.0167159118889,2,a5,1,1
13298,15.0333825591111,2,a5,1,1
13299,15.0500495257778,2,a5,1,1
13300,15.0667161674444,2,a5,1,1
13301,15.0833828591111,2,a5,1,1
13302,15.1000494674444,2,a5,1,1
13303,15.1167162618889,2,a5,1,1
13304,15.1333826868889,2,a5,1,1
13305,15.1500497896667,2,a5,1,1
13306,15.1667163868889,2,a5,1,1
13307,15.183383048,2,a5,1,1
13308,15.2000499285556,2,a5,1,1
13309,15.216716423,2,a5,1,1
13310,15.2333834757778,2,a5,1,1
13311,15.2500499285556,2,a5,1,1
13312,15.2667166813333,2,a5,1,1
13313,15.2833833341111,2,a5,1,1
13314,15.3000499063333,2,a5,1,1
13315,15.3167166646667,2,a5,1,1
13316,15.333383348,2,a5,1,1
13317,15.3500500702222,2,a5,1,1
13318,15.366716723,2,a5,1,1
13319,15.3833833841111,2,a5,1,1
13320,15.4000499507778,2,a5,1,1
13321,15.4167165785556,2,a5,1,1
13322,15.4333834785556,2,a5,1,1
13323,15.4500500841111,2,a5,1,1
13324,15.466716823,2,a5,1,1
13325,15.4833832452222,2,a5,1,1
13326,15.5000499396667,2,a5,1,1
13327,15.5167166868889,2,a5,1,1
13328,15.5333836785556,2,a5,1,1
13329,15.5500502118889,2,a5,1,1
13330,15.566717048,2,a5,1,1
13331,15.5833836618889,2,a5,1,1
13332,15.6000503924444,2,a5,1,1
13333,15.616716923,2,a5,1,1
13334,15.6333835007778,2,a5,1,1
13335,15.6500503952222,2,a5,1,1
13336,15.6667168591111,2,a5,1,1
13337,15.6833836674444,2,a5,1,1
13338,15.7000502507778,2,a5,1,1
13339,15.7167169813333,2,a5,1,1
13340,15.7333836841111,2,a5,1,1
13341,15.7500503924444,2,a5,1,1
13342,15.766717023,2,a5,1,1
13343,15.783383648,2,a5,1,1
13344,15.8000505813333,2,a5,1,1
13345,15.8167172535556,2,a5,1,1
13346,15.8333837757778,2,a5,1,1
13347,15.8500506035556,2,a5,1,1
13348,15.8667173507778,2,a5,1,1
13349,15.883383798,2,a5,1,1
13350,15.900050573,2,a5,1,1
13351,15.9167171674444,2,a5,1,1
13352,15.9333843285556,2,a5,1,1
13353,15.950051073,2,a5,1,1
13354,15.9667178118889,2,a5,1,1
13355,15.983384523,2,a5,1,1
13356,16.0000513785556,2,a5,1,1
13357,16.0167184396667,2,a5,1,1
13358,16.033385398,2,a5,1,1
13359,16.0500518813333,2,a5,1,1
13360,16.0667190118889,2,a5,1,1
13361,16.0833856368889,2,a5,1,1
13362,16.1000522868889,2,a5,1,1
13363,16.1167188868889,2,a5,1,1
13364,16.1333856952222,2,a5,1,1
13365,16.1500522813333,2,a5,1,1
13366,16.1667189368889,2,a5,1,1
13367,16.1833857007778,2,a5,1,1
13368,16.200052548,2,a5,1,1
13369,16.2167192841111,2,a5,1,1
13370,16.2333859396667,2,a5,1,1
13371,16.2500525341111,2,a5,1,1
13372,16.2667194924444,2,a5,1,1
13373,16.2833860952222,2,a5,1,1
13374,16.3000528257778,2,a5,1,1
13375,16.316719723,2,a5,1,1
13376,16.3333864035556,2,a5,1,1
13377,16.3500529952222,2,a5,1,1
13378,16.3667197396667,2,a5,1,1
13379,16.3833868063333,2,a5,1,1
13380,16.4000534702222,2,a5,1,1
13381,16.4167203785556,2,a5,1,1
13382,16.433386998,2,a5,1,1
13383,16.4500537507778,2,a5,1,1
13384,16.4667205424444,2,a5,1,1
13385,16.4833874785556,2,a5,1,1
13386,16.5000544757778,2,a5,1,1
13387,16.5167211368889,2,a5,1,1
13388,16.5333877313333,2,a5,1,1
13389,16.5500543896667,2,a5,1,1
13390,16.5667210813333,2,a5,1,1
13391,16.5833879063333,2,a5,1,1
13392,16.6000544507778,2,a5,1,1
13393,16.6167215535556,2,a5,1,1
13394,16.6333881257778,2,a5,1,1
13395,16.6500547868889,2,a5,1,1
13396,16.6667214618889,2,a5,1,1
13397,16.6833881257778,2,a5,1,1
13398,16.7000548313333,2,a5,1,1
13399,16.7167213368889,2,a5,1,1
13400,16.7333879868889,2,a5,1,1
13401,16.7500548007778,2,a5,1,1
13402,16.7667215007778,2,a5,1,1
13403,16.7833881674444,2,a5,1,1
13404,16.8000548007778,2,a5,1,1
13405,16.8167214841111,2,a5,1,1
13406,16.8333881591111,2,a5,1,1
13407,16.8500548202222,2,a5,1,1
13408,16.8667212674444,2,a5,1,1
13409,16.883388198,2,a5,1,1
13410,16.9000547452222,2,a5,1,1
13411,16.9167214507778,2,a5,1,1
13412,16.9333880202222,2,a5,1,1
13413,16.9500548396667,2,a5,1,1
13414,16.9667213868889,2,a5,1,1
13415,16.9833881174444,2,a5,1,1
13416,17.0000548007778,2,a5,1,1
13417,17.0167214757778,2,a5,1,1
13418,17.0333880757778,2,a5,1,1
13419,17.0500547368889,2,a5,1,1
13420,17.0667213452222,2,a5,1,1
13421,17.0833879591111,2,a5,1,1
13422,17.1000548618889,2,a5,1,1
13423,17.1167215091111,2,a5,1,1
13424,17.1333880535556,2,a5,1,1
13425,17.1500548257778,2,a5,1,1
13426,17.1667217368889,2,a5,1,1
13427,17.1833886424444,2,a5,1,1
13428,17.2000553341111,2,a5,1,1
13429,17.2167221063333,2,a5,1,1
13430,17.233388898,2,a5,1,1
13431,17.2500556424444,2,a5,1,1
13432,17.266722273,2,a5,1,1
13433,17.2833889063333,2,a5,1,1
13434,17.300055623,2,a5,1,1
13435,17.3167226257778,2,a5,1,1
13436,17.3333891896667,2,a5,1,1
13437,17.3500558813333,2,a5,1,1
13438,17.3667226174444,2,a5,1,1
13439,17.383389198,2,a5,1,1
13440,17.4000557646667,2,a5,1,1
13441,17.4167224063333,2,a5,1,1
13442,17.4333895702222,2,a5,1,1
13443,17.4500562424444,2,a5,1,1
13444,17.4667228924444,2,a5,1,1
13445,17.4833896591111,2,a5,1,1
13446,17.5000562785556,2,a5,1,1
13447,17.5167231007778,2,a5,1,1
13448,17.5333897257778,2,a5,1,1
13449,17.5500565341111,2,a5,1,1
13450,17.5667231674444,2,a5,1,1
13451,17.5833896257778,2,a5,1,1
13452,17.6000568257778,2,a5,1,1
13453,17.6167234702222,2,a5,1,1
13454,17.6333901368889,2,a5,1,1
13455,17.6500567285556,2,a5,1,1
13456,17.6667233896667,2,a5,1,1
13457,17.6833900452222,2,a5,1,1
13458,17.7000567896667,2,a5,1,1
13459,17.7167232507778,2,a5,1,1
13460,17.7333900618889,2,a5,1,1
13461,17.7500566452222,2,a5,1,1
13462,17.7667233174444,2,a5,1,1
13463,17.7833900757778,2,a5,1,1
13464,17.8000567035556,2,a5,1,1
13465,17.816723298,2,a5,1,1
13466,17.833390073,2,a5,1,1
13467,17.8500568396667,2,a5,1,1
13468,17.8667233452222,2,a5,1,1
13469,17.8833901007778,2,a5,1,1
13470,17.9000569674444,2,a5,1,1
13471,17.9167239063333,2,a5,1,1
13472,17.9333905007778,2,a5,1,1
13473,17.9500572091111,2,a5,1,1
13474,17.9667240007778,2,a5,1,1
13475,17.9833906368889,2,a5,1,1
13476,18.0000572618889,2,a5,1,1
13477,18.0167238618889,2,a5,1,1
13478,18.0333905507778,2,a5,1,1
13479,18.050057223,2,a5,1,1
13480,18.0667240091111,2,a5,1,1
13481,18.0833906174444,2,a5,1,1
13482,18.1000572868889,2,a5,1,1
13483,18.1167239952222,2,a5,1,1
13484,18.1333904674444,2,a5,1,1
13485,18.1500572702222,2,a5,1,1
13486,18.1667239007778,2,a5,1,1
13487,18.1833904868889,2,a5,1,1
13488,18.2000573202222,2,a5,1,1
13489,18.2167239702222,2,a5,1,1
13490,18.2333906757778,2,a5,1,1
13491,18.2500571007778,2,a5,1,1
13492,18.2667239646667,2,a5,1,1
13493,18.283390573,2,a5,1,1
13494,18.3000572591111,2,a5,1,1
13495,18.3167237591111,2,a5,1,1
13496,18.3333905841111,2,a5,1,1
13497,18.350057148,2,a5,1,1
13498,18.3667238563333,2,a5,1,1
13499,18.383390623,2,a5,1,1
13500,18.4000572313333,2,a5,1,1
13501,18.4167239785556,2,a5,1,1
13502,18.4333905285556,2,a5,1,1
13503,18.4500572813333,2,a5,1,1
13504,18.4667243118889,2,a5,1,1
13505,18.4833908535556,2,a5,1,1
13506,18.5000576007778,2,a5,1,1
13507,18.5167242702222,2,a5,1,1
13508,18.5333911063333,2,a5,1,1
13509,18.5500577535556,2,a5,1,1
13510,18.5667245285556,2,a5,1,1
13511,18.5833912368889,2,a5,1,1
13512,18.6000582174444,2,a5,1,1
13513,18.6167247118889,2,a5,1,1
13514,18.6333915424444,2,a5,1,1
13515,18.6500583646667,2,a5,1,1
13516,18.6667249757778,2,a5,1,1
13517,18.6833918896667,2,a5,1,1
13518,18.7000585563333,2,a5,1,1
13519,18.7167253757778,2,a5,1,1
13520,18.7333920757778,2,a5,1,1
13521,18.7500585868889,2,a5,1,1
13522,18.7667252591111,2,a5,1,1
13523,18.7833919424444,2,a5,1,1
13524,18.8000588146667,2,a5,1,1
13525,18.8167254341111,2,a5,1,1
13526,18.8333918535556,2,a5,1,1
13527,18.8500586257778,2,a5,1,1
13528,18.8667252007778,2,a5,1,1
13529,18.8833923757778,2,a5,1,1
13530,18.9000590091111,2,a5,1,1
13531,18.9167255368889,2,a5,1,1
13532,18.9333921618889,2,a5,1,1
13533,18.9500590035556,2,a5,1,1
13534,18.9667256757778,2,a5,1,1
13535,18.9833921063333,2,a5,1,1
13536,19.0000590118889,2,a5,1,1
13537,19.0167257091111,2,a5,1,1
13538,19.0333925841111,2,a5,1,1
13539,19.0500591285556,2,a5,1,1
13540,19.0667257313333,2,a5,1,1
13541,19.0833928368889,2,a5,1,1
13542,19.1000594563333,2,a5,1,1
13543,19.1167261091111,2,a5,1,1
13544,19.1333931646667,2,a5,1,1
13545,19.1500596118889,2,a5,1,1
13546,19.1667264313333,2,a5,1,1
13547,19.1833931146667,2,a5,1,1
13548,19.200059598,2,a5,1,1
13549,19.216726448,2,a5,1,1
13550,19.2333934841111,2,a5,1,1
13551,19.2500601507778,2,a5,1,1
13552,19.2667267202222,2,a5,1,1
13553,19.2833933757778,2,a5,1,1
13554,19.3000602841111,2,a5,1,1
13555,19.3167270091111,2,a5,1,1
13556,19.3333937341111,2,a5,1,1
13557,19.3500602618889,2,a5,1,1
13558,19.3667270841111,2,a5,1,1
13559,19.3833937702222,2,a5,1,1
13560,19.4000604285556,2,a5,1,1
13561,19.416727373,2,a5,1,1
13562,19.4333939007778,2,a5,1,1
13563,19.4500605174444,2,a5,1,1
13564,19.4667272063333,2,a5,1,1
13565,19.4833937896667,2,a5,1,1
13566,19.5000604396667,2,a5,1,1
13567,19.5167274007778,2,a5,1,1
13568,19.533394098,2,a5,1,1
13569,19.5500609841111,2,a5,1,1
13570,19.5667275563333,2,a5,1,1
13571,19.5833940785556,2,a5,1,1
13572,19.6000607618889,2,a5,1,1
13573,19.6167273868889,2,a5,1,1
13574,19.633394073,2,a5,1,1
13575,19.6500608257778,2,a5,1,1
13576,19.6667274313333,2,a5,1,1
13577,19.6833943424444,2,a5,1,1
13578,19.7000608452222,2,a5,1,1
13579,19.7167275618889,2,a5,1,1
13580,19.7333941452222,2,a5,1,1
13581,19.7500609202222,2,a5,1,1
13582,19.7667275396667,2,a5,1,1
13583,19.7833942285556,2,a5,1,1
13584,19.8000608396667,2,a5,1,1
13585,19.8167277424444,2,a5,1,1
13586,19.8333945396667,2,a5,1,1
13587,19.8500613007778,2,a5,1,1
13588,19.8667281757778,2,a5,1,1
13589,19.8833946146667,2,a5,1,1
13590,19.9000614313333,2,a5,1,1
13591,19.9167281563333,2,a5,1,1
13592,19.9333947646667,2,a5,1,1
13593,19.9500614868889,2,a5,1,1
13594,19.966728173,2,a5,1,1
13595,19.9833947813333,2,a5,1,1
